ID TIME HEIGHT MINER BLOCK TIMESTAMP TELAPSED RECEPTION SIZE_KB TXS DIFF TDIFF HASH PHASH
14 1786587521.457 0 ['enode://1@127.0.0.1:1234', 'enode://2@127.0.0.1:1235', 'enode://3@127.0.0.1:1236', 'enode://4@127.0.0.1:1237', 'enode://5@127.0.0.1:1238', 'enode://6@127.0.0.1:1239', 'enode://7@127.0.0.1:1240', 'enode://8@127.0.0.1:1241', 'enode://9@127.0.0.1:1242', 'enode://10@127.0.0.1:1243', 'enode://11@127.0.0.1:1244', 'enode://12@127.0.0.1:1245', 'enode://13@127.0.0.1:1246', 'enode://14@127.0.0.1:1247', 'enode://15@127.0.0.1:1248', 'enode://16@127.0.0.1:1249', 'enode://17@127.0.0.1:1250', 'enode://18@127.0.0.1:1251', 'enode://19@127.0.0.1:1252', 'enode://20@127.0.0.1:1253'] 0 0 0 0 0.046875 0 0 0 849f88fe514e3c617eea1c11b175316038208403cc67ad416e91b42cb3ad434f 0
14 1786587521.457 1 enode://20@127.0.0.1:1253 1 57 7 64 0.046875 20 99942 99942 07d96575f73a748b17b9867cd24e2c00592e88f84dbb0edb7cd578c286b80d7f 849f88fe514e3c617eea1c11b175316038208403cc67ad416e91b42cb3ad434f
14 1786587521.457 2 enode://20@127.0.0.1:1253 2 80 5 85 0.046875 1 99932 199874 4c2e6e48b08674771724060e655ee7aafdcb8a8dd2928f6c8ab7306c5a95c2c6 07d96575f73a748b17b9867cd24e2c00592e88f84dbb0edb7cd578c286b80d7f
14 1786587521.457 3 enode://15@127.0.0.1:1248 3 113 14 127 0.046875 18 99971 299845 83e45019b72a7a856962abedadfa09f1a0e81237e27ebf1d838d135a78130eff 4c2e6e48b08674771724060e655ee7aafdcb8a8dd2928f6c8ab7306c5a95c2c6
14 1786587521.457 4 enode://13@127.0.0.1:1246 4 345 97 442 0.046875 18 99919 399764 f514b25a91f4d0946043f0036b42eb82647fb0e73e5da9f9f021729015e99c01 83e45019b72a7a856962abedadfa09f1a0e81237e27ebf1d838d135a78130eff
14 1786587521.457 5 enode://19@127.0.0.1:1252 5 374 68 442 0.046875 2 99995 499759 128268c978575918b0d81d89a5c55fc7b40cbe1e188e468862d2121459f167be f514b25a91f4d0946043f0036b42eb82647fb0e73e5da9f9f021729015e99c01
14 1786587521.457 6 enode://12@127.0.0.1:1245 6 493 12 505 0.046875 14 99972 599731 8df5dbb262c4475b994c819a5d681fe3283ec5ea54b28ab6adb3409236504132 128268c978575918b0d81d89a5c55fc7b40cbe1e188e468862d2121459f167be
14 1786587521.457 7 enode://1@127.0.0.1:1234 7 636 79 715 0.046875 5 99965 699696 4cbb61d644018a2c5ce54840797a06c3700f39c5d372c076f22637eb0057f060 8df5dbb262c4475b994c819a5d681fe3283ec5ea54b28ab6adb3409236504132
14 1786587521.457 8 enode://14@127.0.0.1:1247 8 728 0 728 0.046875 14 99976 799672 64841dc24ff104a9ec8416e59eb63a490cb815f125415d2d097a2e9214f29b3c 4cbb61d644018a2c5ce54840797a06c3700f39c5d372c076f22637eb0057f060
14 1786587521.457 9 enode://7@127.0.0.1:1240 9 1002 385 1387 0.046875 13 99979 899651 6d65a2393b152d1ada75f091bb5662021498704df319ac5e4c21b6aa9c3de76d 64841dc24ff104a9ec8416e59eb63a490cb815f125415d2d097a2e9214f29b3c
14 1786587521.457 10 enode://7@127.0.0.1:1240 10 1211 176 1387 0.046875 6 99911 999562 7ccb966ca9382e43182a5e9ddb924293229a88a871d9fae9614d2c85c2fb414a 6d65a2393b152d1ada75f091bb5662021498704df319ac5e4c21b6aa9c3de76d
14 1786587521.457 11 enode://15@127.0.0.1:1248 11 1234 153 1387 0.046875 10 99980 1099542 a8e1d4059fb49a8be74cd3dde1279bb74d511a2c258f61986fdf965ca91f1bb3 7ccb966ca9382e43182a5e9ddb924293229a88a871d9fae9614d2c85c2fb414a
14 1786587521.457 12 enode://6@127.0.0.1:1239 12 1352 35 1387 0.046875 10 99907 1199449 72a3f990d768a5ed2583c87928be6eaa24f1b78163c3c334e7d58e2c7f3fe395 a8e1d4059fb49a8be74cd3dde1279bb74d511a2c258f61986fdf965ca91f1bb3
14 1786587521.457 13 enode://10@127.0.0.1:1243 13 1366 231 1597 0.046875 2 99982 1299431 48c1618b016ab3613d1aacf3050804afa1ab27dcf610ba20c30ea6914e6f4932 72a3f990d768a5ed2583c87928be6eaa24f1b78163c3c334e7d58e2c7f3fe395
14 1786587521.457 14 enode://10@127.0.0.1:1243 14 1553 44 1597 0.046875 10 99906 1399337 007988328e517d2f0a57f75035942236623d95f59daabb3c07b726e97c1a6734 48c1618b016ab3613d1aacf3050804afa1ab27dcf610ba20c30ea6914e6f4932
14 1786587521.457 15 enode://14@127.0.0.1:1247 15 1608 1774 3382 0.046875 6 99922 1499259 5917f91aa8ba7c98f52c640a386ad2eddb73aaf0e019d6f3a5794571dffc0c61 007988328e517d2f0a57f75035942236623d95f59daabb3c07b726e97c1a6734
14 1786587521.457 16 enode://7@127.0.0.1:1240 16 1816 1566 3382 0.046875 5 99925 1599184 9b8da0fc8cbc2962756fa74fa7b59efc21cb47e0ac67321b293bd36d2354076d 5917f91aa8ba7c98f52c640a386ad2eddb73aaf0e019d6f3a5794571dffc0c61
14 1786587521.458 17 enode://1@127.0.0.1:1234 17 1952 1430 3382 0.046875 6 99965 1699149 37607022c2e37be260747db6a51da0c87ad323cf64006c34db97f66c3c9f42a5 9b8da0fc8cbc2962756fa74fa7b59efc21cb47e0ac67321b293bd36d2354076d
14 1786587521.458 18 enode://18@127.0.0.1:1251 18 2295 1087 3382 0.046875 32 99934 1799083 7b6aef605b4327ca3e863c4078302437c907e319668ef27319b5a28f12c3f087 37607022c2e37be260747db6a51da0c87ad323cf64006c34db97f66c3c9f42a5
14 1786587521.458 19 enode://10@127.0.0.1:1243 19 2631 751 3382 0.046875 12 99905 1898988 d3aa751bace710096a8109f175eee378e30430999358082573c9877c3464c4ef 7b6aef605b4327ca3e863c4078302437c907e319668ef27319b5a28f12c3f087
14 1786587521.458 20 enode://11@127.0.0.1:1244 20 2905 477 3382 0.046875 7 99980 1998968 534981d1c10a70e1c5430c75ba3acb8473826930958e35eb6585237c9b8af928 d3aa751bace710096a8109f175eee378e30430999358082573c9877c3464c4ef
14 1786587521.458 21 enode://10@127.0.0.1:1243 21 3128 254 3382 0.046875 4 99928 2098896 814cff12a3e00e4c2b25683ac5454082b2695352741091c9b8233b3eca2273f6 534981d1c10a70e1c5430c75ba3acb8473826930958e35eb6585237c9b8af928
14 1786587521.458 22 enode://3@127.0.0.1:1236 22 3226 156 3382 0.046875 26 99967 2198863 ead1449f9d054af50770729f1c6e391aa4b98e387ace3a48c67e6e7b07c429cf 814cff12a3e00e4c2b25683ac5454082b2695352741091c9b8233b3eca2273f6
14 1786587521.458 23 enode://15@127.0.0.1:1248 23 3352 30 3382 0.046875 2 99972 2298835 b121e1e23f1fc2f7b4223b6ecb63230621b51889de92d4ecb68701e27993078c ead1449f9d054af50770729f1c6e391aa4b98e387ace3a48c67e6e7b07c429cf
14 1786587521.458 24 enode://17@127.0.0.1:1250 24 3487 21 3508 0.046875 26 99913 2398748 2eafedcc8413da2ddcef7b5650bb1cb60eb506c2ba3062f1f9aa7143902b0dbf b121e1e23f1fc2f7b4223b6ecb63230621b51889de92d4ecb68701e27993078c
14 1786587521.458 25 enode://16@127.0.0.1:1249 25 3791 11 3802 0.046875 17 99981 2498729 87b2eb25b7bef2c7e7b3b6f8e02457f61b3be74df0a054cbcf114e5ac7708276 2eafedcc8413da2ddcef7b5650bb1cb60eb506c2ba3062f1f9aa7143902b0dbf
