ID TIME HEIGHT MINER BLOCK TIMESTAMP TELAPSED RECEPTION SIZE_KB TXS DIFF TDIFF HASH PHASH
5 1787172446.353 0 ['enode://1@127.0.0.1:1234', 'enode://2@127.0.0.1:1235', 'enode://3@127.0.0.1:1236', 'enode://4@127.0.0.1:1237', 'enode://5@127.0.0.1:1238', 'enode://6@127.0.0.1:1239', 'enode://7@127.0.0.1:1240', 'enode://8@127.0.0.1:1241', 'enode://9@127.0.0.1:1242', 'enode://10@127.0.0.1:1243', 'enode://11@127.0.0.1:1244', 'enode://12@127.0.0.1:1245', 'enode://13@127.0.0.1:1246', 'enode://14@127.0.0.1:1247', 'enode://15@127.0.0.1:1248', 'enode://16@127.0.0.1:1249', 'enode://17@127.0.0.1:1250', 'enode://18@127.0.0.1:1251', 'enode://19@127.0.0.1:1252', 'enode://20@127.0.0.1:1253', 'enode://21@127.0.0.1:1254', 'enode://22@127.0.0.1:1255', 'enode://23@127.0.0.1:1256', 'enode://24@127.0.0.1:1257', 'enode://25@127.0.0.1:1258'] 0 0 0 0 0.046875 0 0 0 2ec9234e793ffa1c5eb24f0439f69ac8446fd1535ee0cbe4dfa1f745f203e80f 0
5 1787172446.353 1 enode://15@127.0.0.1:1248 1 54 31 85 0.046875 0 99926 99926 04e4d44214bc7e01f4f66c8778edd273919ac2cfc655f822a522ad0aa9e96a30 2ec9234e793ffa1c5eb24f0439f69ac8446fd1535ee0cbe4dfa1f745f203e80f
5 1787172446.353 2 enode://22@127.0.0.1:1255 2 130 81 211 0.046875 0 99951 199877 782b3ba8fbae4524253d69472d36f92a59fbeb5599c86ff6a2ad346f79bf3105 04e4d44214bc7e01f4f66c8778edd273919ac2cfc655f822a522ad0aa9e96a30
5 1787172446.353 3 enode://12@127.0.0.1:1245 3 365 77 442 0.046875 0 99990 299867 8e525c2dbed7c560c479e1ddaa67fcc656ea558d0dca474520c452dcb186e81a 782b3ba8fbae4524253d69472d36f92a59fbeb5599c86ff6a2ad346f79bf3105
5 1787172446.353 4 enode://19@127.0.0.1:1252 4 442 21 463 0.046875 0 99979 399846 2af59b2c8a676a0aff72cf929ffd38898877f49453709a2a18f3c6e8138ce5ae 8e525c2dbed7c560c479e1ddaa67fcc656ea558d0dca474520c452dcb186e81a
5 1787172446.353 5 enode://23@127.0.0.1:1256 5 472 54 526 0.046875 0 99922 499768 f8c509520a1a825631d35f57b75f74c69a2c6e7dda22249e0b8946583a4b69c1 2af59b2c8a676a0aff72cf929ffd38898877f49453709a2a18f3c6e8138ce5ae
5 1787172446.353 6 enode://5@127.0.0.1:1238 6 538 0 538 0.046875 0 99928 599696 9dec3b85f0debb848130acaffed408dda90fbbcdeeb7dc8023d5d0886105c5f9 f8c509520a1a825631d35f57b75f74c69a2c6e7dda22249e0b8946583a4b69c1
5 1787172446.353 7 enode://19@127.0.0.1:1252 7 595 78 673 0.046875 0 99924 699620 d07a951f32047c1e037f3e3512e4cbd095bd4546cec504b0a5594e2b54d62ca0 9dec3b85f0debb848130acaffed408dda90fbbcdeeb7dc8023d5d0886105c5f9
5 1787172446.353 8 enode://24@127.0.0.1:1257 8 698 59 757 0.046875 0 99992 799612 044bf349363e57b4addf7e613048259a440196b63ba80e2396106fbd26653c2b d07a951f32047c1e037f3e3512e4cbd095bd4546cec504b0a5594e2b54d62ca0
5 1787172446.353 9 enode://10@127.0.0.1:1243 9 715 42 757 0.046875 0 99928 899540 71cd423e14734f262bae1d03cf721b729fa1c4c02401eef2b9067bcb5a024999 044bf349363e57b4addf7e613048259a440196b63ba80e2396106fbd26653c2b
5 1787172446.353 10 enode://14@127.0.0.1:1247 10 951 79 1030 0.046875 0 99946 999486 20e9f3f6c4ce4e8100c57bc2c6e896d1b50a130fac7d0dbb89428af26b95df0b 71cd423e14734f262bae1d03cf721b729fa1c4c02401eef2b9067bcb5a024999
5 1787172446.353 11 enode://14@127.0.0.1:1247 11 1058 371 1429 0.046875 0 99959 1099445 efb359a619fe4b573838a799a76d85ac447f6fe1cc3d68097cab2f1793b62fe1 20e9f3f6c4ce4e8100c57bc2c6e896d1b50a130fac7d0dbb89428af26b95df0b
5 1787172446.353 12 enode://14@127.0.0.1:1247 12 1138 291 1429 0.046875 0 99979 1199424 009493bc9fdf3f7fc77768b5c04d83556530288e4d34238e5efd6ad331b1b4cd efb359a619fe4b573838a799a76d85ac447f6fe1cc3d68097cab2f1793b62fe1
5 1787172446.353 13 enode://7@127.0.0.1:1240 13 1360 69 1429 0.046875 0 99984 1299408 60414ca43f15fd1f96d884cd0ae45f08096eaea6af20b4f2d1d3546db2a1a54b 009493bc9fdf3f7fc77768b5c04d83556530288e4d34238e5efd6ad331b1b4cd
5 1787172446.353 14 enode://21@127.0.0.1:1254 14 1399 30 1429 0.046875 0 99989 1399397 8b4d47c4dfd770d1eda8c85b30f06898c8c77ea7d975f26480d910036d4fc032 60414ca43f15fd1f96d884cd0ae45f08096eaea6af20b4f2d1d3546db2a1a54b
5 1787172446.354 15 enode://5@127.0.0.1:1238 15 1454 0 1454 0.046875 0 99942 1499339 86c191542a64f114d6dbd8d88d322643c6beaef5ed1f8acef10ea1811fab8981 8b4d47c4dfd770d1eda8c85b30f06898c8c77ea7d975f26480d910036d4fc032
5 1787172446.354 16 enode://25@127.0.0.1:1258 16 1522 96 1618 0.046875 0 99998 1599337 b6e423830b080bf7632ff49732878b88b53dabd95312836cbfdd1d3ca34e76cd 86c191542a64f114d6dbd8d88d322643c6beaef5ed1f8acef10ea1811fab8981
5 1787172446.354 17 enode://8@127.0.0.1:1241 17 1705 81 1786 0.046875 0 99983 1699320 f2e6f4692d171a15460e55298ee1aa573f51ae4c28ee65cc219426459094a009 b6e423830b080bf7632ff49732878b88b53dabd95312836cbfdd1d3ca34e76cd
5 1787172446.354 18 enode://17@127.0.0.1:1250 18 1814 854 2668 0.046875 0 99985 1799305 fb833746c665cd41a290b98501b4332cbfe4663f142b4c3ce2fd261e8e5b8b10 f2e6f4692d171a15460e55298ee1aa573f51ae4c28ee65cc219426459094a009
5 1787172446.354 19 enode://6@127.0.0.1:1239 19 1963 705 2668 0.046875 0 99948 1899253 c9c8cff96930f956b7de7e0cb146451b1dd8e02478038cdd229c2905b39974cb fb833746c665cd41a290b98501b4332cbfe4663f142b4c3ce2fd261e8e5b8b10
5 1787172446.354 20 enode://21@127.0.0.1:1254 20 2170 498 2668 0.046875 0 99933 1999186 a9be1ed35d15cd500d46b4693796ff6e0b065efc7d6ef8f42f8d10284b9bc686 c9c8cff96930f956b7de7e0cb146451b1dd8e02478038cdd229c2905b39974cb
5 1787172446.354 21 enode://8@127.0.0.1:1241 21 2292 376 2668 0.046875 0 99964 2099150 7d0d32a7f1105e5e9a0be40aac7442da9b27568f7421476fa9676f603f7ce822 a9be1ed35d15cd500d46b4693796ff6e0b065efc7d6ef8f42f8d10284b9bc686
5 1787172446.354 22 enode://22@127.0.0.1:1255 22 2493 448 2941 0.046875 0 99948 2199098 53c5e29fd1cad82ff79291588ac6612567420bb7cebaf060d825c37ce8513a86 7d0d32a7f1105e5e9a0be40aac7442da9b27568f7421476fa9676f603f7ce822
5 1787172446.354 23 enode://4@127.0.0.1:1237 23 2600 341 2941 0.046875 0 99901 2298999 d8b64adbccb72d2e87c624873b05089a9b579f1e0c8565ec3329da39680721f7 53c5e29fd1cad82ff79291588ac6612567420bb7cebaf060d825c37ce8513a86
5 1787172446.354 24 enode://11@127.0.0.1:1244 24 2689 252 2941 0.046875 0 99911 2398910 11357b1d0db8cf2d6cbe717e8d9325445b7698d44d8abe29effdf5841c55ec8b d8b64adbccb72d2e87c624873b05089a9b579f1e0c8565ec3329da39680721f7
5 1787172446.354 25 enode://25@127.0.0.1:1258 25 2778 163 2941 0.046875 0 99934 2498844 e2c4cdefb93e3b98ab9d8b57fd7cda2ce7cc67cb72cff0f976786658fe1214c0 11357b1d0db8cf2d6cbe717e8d9325445b7698d44d8abe29effdf5841c55ec8b
5 1787172446.354 26 enode://25@127.0.0.1:1258 26 2864 77 2941 0.046875 0 99960 2598804 4e0fa6f7922b91ff49da2221ea0bfc3cbb1655c2bdaffcdaea63e82d5023267e e2c4cdefb93e3b98ab9d8b57fd7cda2ce7cc67cb72cff0f976786658fe1214c0
5 1787172446.354 27 enode://23@127.0.0.1:1256 27 2892 154 3046 0.046875 0 99995 2698799 ea25dd551ad72dcb332b130218bb0d04553405f1ec056c8b9f4cb9daf3ecc642 4e0fa6f7922b91ff49da2221ea0bfc3cbb1655c2bdaffcdaea63e82d5023267e
5 1787172446.354 28 enode://18@127.0.0.1:1251 28 3056 95 3151 0.046875 0 99999 2798798 e3240269bc09d39bba733ba31958cd5ee8f74fa792db9bbadd6b3dd3c4f61c52 ea25dd551ad72dcb332b130218bb0d04553405f1ec056c8b9f4cb9daf3ecc642
5 1787172446.354 29 enode://9@127.0.0.1:1242 29 3082 69 3151 0.046875 0 100000 2898798 c8cda678e33c7cfae0e74d4dfdcf27414df23fa95e3f60c335a3cf1f6b2a0b33 e3240269bc09d39bba733ba31958cd5ee8f74fa792db9bbadd6b3dd3c4f61c52
5 1787172446.354 30 enode://24@127.0.0.1:1257 30 3157 162 3319 0.046875 0 99969 2998767 c3bdec1ee7728cfa3ad1051aa9c6f92c8fbde0dddd439aadd986eb7c90997dd4 c8cda678e33c7cfae0e74d4dfdcf27414df23fa95e3f60c335a3cf1f6b2a0b33
5 1787172446.354 31 enode://20@127.0.0.1:1253 31 3269 197 3466 0.046875 0 99943 3098710 9243574ee8671898f784b5774bfa4c2aeb11598990d944344ad255ed3ed215aa c3bdec1ee7728cfa3ad1051aa9c6f92c8fbde0dddd439aadd986eb7c90997dd4
5 1787172446.354 32 enode://1@127.0.0.1:1234 32 3474 244 3718 0.046875 0 99962 3198672 ddd4f15bbf25d989db1ca1d9ed67ac4070093f2d505b0c10e072d085276a89ff 9243574ee8671898f784b5774bfa4c2aeb11598990d944344ad255ed3ed215aa
5 1787172446.355 33 enode://4@127.0.0.1:1237 33 3623 95 3718 0.046875 0 99985 3298657 534e5ac567ed5ceeea9872b450b41f07a00e11a335d637bc2e99fbfc0ccc7840 ddd4f15bbf25d989db1ca1d9ed67ac4070093f2d505b0c10e072d085276a89ff
5 1787172446.355 34 enode://4@127.0.0.1:1237 34 3704 56 3760 0.046875 0 99974 3398631 3ee20f7101e2b1c65c7f7884d809afb527afff66f326bd14ec084457c11e2d9d 534e5ac567ed5ceeea9872b450b41f07a00e11a335d637bc2e99fbfc0ccc7840
5 1787172446.355 35 enode://24@127.0.0.1:1257 35 3731 29 3760 0.046875 0 99951 3498582 0031706f06d9b87ab2d52d5362833949b5e8304efc257b3a840b9d4ce561176b 3ee20f7101e2b1c65c7f7884d809afb527afff66f326bd14ec084457c11e2d9d
5 1787172446.355 36 enode://1@127.0.0.1:1234 36 3763 39 3802 0.046875 0 100000 3598582 30d1d8af074b5273eeb904f863bb5553a20f2c2bc8bc7ec0946e8e3334f77ff1 0031706f06d9b87ab2d52d5362833949b5e8304efc257b3a840b9d4ce561176b
5 1787172446.355 37 enode://1@127.0.0.1:1234 37 3805 39 3844 0.046875 0 99989 3698571 6c71cf068f598f79a2711ee6d63af2488dec8d4081154a4a330407af31f73d89 30d1d8af074b5273eeb904f863bb5553a20f2c2bc8bc7ec0946e8e3334f77ff1
5 1787172446.355 38 enode://21@127.0.0.1:1254 38 3966 4 3970 0.046875 0 99951 3798522 d3b2926ceed311e2efed30f6817745370fe5be0d9ec014480ec42ba78dded0ac 6c71cf068f598f79a2711ee6d63af2488dec8d4081154a4a330407af31f73d89
