ID TIME red green blue yellow
0 1787133534.079 0 0 22 0
