ID TIME n private balances connectivity
13 1786820449.69 0 {} {} {'enode://1@127.0.0.1:1234': 0, 'enode://2@127.0.0.1:1235': 0, 'enode://3@127.0.0.1:1236': 0, 'enode://4@127.0.0.1:1237': 0, 'enode://5@127.0.0.1:1238': 0, 'enode://6@127.0.0.1:1239': 0, 'enode://7@127.0.0.1:1240': 0, 'enode://8@127.0.0.1:1241': 0, 'enode://9@127.0.0.1:1242': 0, 'enode://10@127.0.0.1:1243': 0, 'enode://11@127.0.0.1:1244': 0, 'enode://12@127.0.0.1:1245': 0, 'enode://13@127.0.0.1:1246': 0, 'enode://14@127.0.0.1:1247': 0, 'enode://15@127.0.0.1:1248': 0, 'enode://16@127.0.0.1:1249': 0, 'enode://17@127.0.0.1:1250': 0, 'enode://18@127.0.0.1:1251': 0, 'enode://19@127.0.0.1:1252': 0, 'enode://20@127.0.0.1:1253': 0}
13 1786820449.69 1 None {'18': 0, '0': 0} {'enode://1@127.0.0.1:1234': 0, 'enode://2@127.0.0.1:1235': 0, 'enode://3@127.0.0.1:1236': 0, 'enode://4@127.0.0.1:1237': 0, 'enode://5@127.0.0.1:1238': 0, 'enode://6@127.0.0.1:1239': 0, 'enode://7@127.0.0.1:1240': 0, 'enode://8@127.0.0.1:1241': 0, 'enode://9@127.0.0.1:1242': 0, 'enode://10@127.0.0.1:1243': 0, 'enode://11@127.0.0.1:1244': 0, 'enode://12@127.0.0.1:1245': 0, 'enode://13@127.0.0.1:1246': 0, 'enode://14@127.0.0.1:1247': 0, 'enode://15@127.0.0.1:1248': 0, 'enode://16@127.0.0.1:1249': 0, 'enode://17@127.0.0.1:1250': 0, 'enode://18@127.0.0.1:1251': -10, 'enode://19@127.0.0.1:1252': 0, 'enode://20@127.0.0.1:1253': 0}
13 1786820449.69 30 None {'18': 1, '0': 0, '1': 0, '16': 0, '10': 0} {'enode://1@127.0.0.1:1234': -10, 'enode://2@127.0.0.1:1235': 0, 'enode://3@127.0.0.1:1236': 0, 'enode://4@127.0.0.1:1237': 0, 'enode://5@127.0.0.1:1238': 0, 'enode://6@127.0.0.1:1239': 0, 'enode://7@127.0.0.1:1240': 0, 'enode://8@127.0.0.1:1241': 0, 'enode://9@127.0.0.1:1242': 0, 'enode://10@127.0.0.1:1243': 2, 'enode://11@127.0.0.1:1244': 0, 'enode://12@127.0.0.1:1245': 0, 'enode://13@127.0.0.1:1246': 0, 'enode://14@127.0.0.1:1247': 0, 'enode://15@127.0.0.1:1248': 0, 'enode://16@127.0.0.1:1249': 2, 'enode://17@127.0.0.1:1250': 0, 'enode://18@127.0.0.1:1251': -9, 'enode://19@127.0.0.1:1252': 0, 'enode://20@127.0.0.1:1253': 0}
13 1786820449.69 33 None {'18': 1, '0': 0, '1': 28, '16': 0, '10': 0} {'enode://1@127.0.0.1:1234': -9, 'enode://2@127.0.0.1:1235': 0, 'enode://3@127.0.0.1:1236': 0, 'enode://4@127.0.0.1:1237': 0, 'enode://5@127.0.0.1:1238': 0, 'enode://6@127.0.0.1:1239': 0, 'enode://7@127.0.0.1:1240': 0, 'enode://8@127.0.0.1:1241': 0, 'enode://9@127.0.0.1:1242': 0, 'enode://10@127.0.0.1:1243': -10, 'enode://11@127.0.0.1:1244': 0, 'enode://12@127.0.0.1:1245': 0, 'enode://13@127.0.0.1:1246': 0, 'enode://14@127.0.0.1:1247': 0, 'enode://15@127.0.0.1:1248': 0, 'enode://16@127.0.0.1:1249': 2, 'enode://17@127.0.0.1:1250': 0, 'enode://18@127.0.0.1:1251': -8, 'enode://19@127.0.0.1:1252': 0, 'enode://20@127.0.0.1:1253': 0}
13 1786820449.69 405 None {'18': 1, '0': 0, '1': 28, '16': 0, '10': 2, '14': 0, '12': 0, '5': 0, '2': 0, '11': 0, '8': 0, '3': 0, '20': 0, '4': 0, '9': 0, '6': 0, '7': 0, '17': 0, '13': 0, '15': 0, '19': 0} {'enode://1@127.0.0.1:1234': -8, 'enode://2@127.0.0.1:1235': 8, 'enode://3@127.0.0.1:1236': 5, 'enode://4@127.0.0.1:1237': 8, 'enode://5@127.0.0.1:1238': 11, 'enode://6@127.0.0.1:1239': 6, 'enode://7@127.0.0.1:1240': 6, 'enode://8@127.0.0.1:1241': 8, 'enode://9@127.0.0.1:1242': 8, 'enode://10@127.0.0.1:1243': -9, 'enode://11@127.0.0.1:1244': 11, 'enode://12@127.0.0.1:1245': 10, 'enode://13@127.0.0.1:1246': 9, 'enode://14@127.0.0.1:1247': 11, 'enode://15@127.0.0.1:1248': 2, 'enode://16@127.0.0.1:1249': -10, 'enode://17@127.0.0.1:1250': 5, 'enode://18@127.0.0.1:1251': -7, 'enode://19@127.0.0.1:1252': 1, 'enode://20@127.0.0.1:1253': 7}
13 1786820449.691 731 None {'18': 1, '0': 0, '1': 28, '16': 371, '10': 2, '14': 0, '12': 0, '5': 0, '2': 0, '11': 0, '8': 0, '3': 0, '20': 0, '4': 0, '9': 0, '6': 0, '7': 0, '17': 0, '13': 0, '15': 0, '19': 0} {'enode://1@127.0.0.1:1234': -7, 'enode://2@127.0.0.1:1235': 9, 'enode://3@127.0.0.1:1236': 5, 'enode://4@127.0.0.1:1237': 8, 'enode://5@127.0.0.1:1238': -10, 'enode://6@127.0.0.1:1239': 10, 'enode://7@127.0.0.1:1240': 8, 'enode://8@127.0.0.1:1241': 10, 'enode://9@127.0.0.1:1242': 9, 'enode://10@127.0.0.1:1243': -8, 'enode://11@127.0.0.1:1244': 11, 'enode://12@127.0.0.1:1245': 11, 'enode://13@127.0.0.1:1246': 9, 'enode://14@127.0.0.1:1247': 13, 'enode://15@127.0.0.1:1248': 2, 'enode://16@127.0.0.1:1249': -9, 'enode://17@127.0.0.1:1250': 5, 'enode://18@127.0.0.1:1251': -6, 'enode://19@127.0.0.1:1252': 1, 'enode://20@127.0.0.1:1253': 8}
13 1786820449.691 779 None {'18': 1, '0': 0, '1': 28, '16': 371, '10': 2, '14': 0, '12': 0, '5': 325, '2': 0, '11': 0, '8': 0, '3': 0, '20': 0, '4': 0, '9': 0, '6': 0, '7': 0, '17': 0, '13': 0, '15': 0, '19': 0} {'enode://1@127.0.0.1:1234': -6, 'enode://2@127.0.0.1:1235': 8, 'enode://3@127.0.0.1:1236': 4, 'enode://4@127.0.0.1:1237': 8, 'enode://5@127.0.0.1:1238': -9, 'enode://6@127.0.0.1:1239': 9, 'enode://7@127.0.0.1:1240': 8, 'enode://8@127.0.0.1:1241': 10, 'enode://9@127.0.0.1:1242': 8, 'enode://10@127.0.0.1:1243': -7, 'enode://11@127.0.0.1:1244': 9, 'enode://12@127.0.0.1:1245': 10, 'enode://13@127.0.0.1:1246': 9, 'enode://14@127.0.0.1:1247': -10, 'enode://15@127.0.0.1:1248': 4, 'enode://16@127.0.0.1:1249': -8, 'enode://17@127.0.0.1:1250': 5, 'enode://18@127.0.0.1:1251': -5, 'enode://19@127.0.0.1:1252': 1, 'enode://20@127.0.0.1:1253': 7}
13 1786820449.691 925 None {'18': 1, '0': 0, '1': 28, '16': 371, '10': 2, '14': 47, '12': 0, '5': 325, '2': 0, '11': 0, '8': 0, '3': 0, '20': 0, '4': 0, '9': 0, '6': 0, '7': 0, '17': 0, '13': 0, '15': 0, '19': 0} {'enode://1@127.0.0.1:1234': -5, 'enode://2@127.0.0.1:1235': 8, 'enode://3@127.0.0.1:1236': 5, 'enode://4@127.0.0.1:1237': 9, 'enode://5@127.0.0.1:1238': -8, 'enode://6@127.0.0.1:1239': 11, 'enode://7@127.0.0.1:1240': 9, 'enode://8@127.0.0.1:1241': 11, 'enode://9@127.0.0.1:1242': 8, 'enode://10@127.0.0.1:1243': -6, 'enode://11@127.0.0.1:1244': 9, 'enode://12@127.0.0.1:1245': -10, 'enode://13@127.0.0.1:1246': 9, 'enode://14@127.0.0.1:1247': -9, 'enode://15@127.0.0.1:1248': 3, 'enode://16@127.0.0.1:1249': -7, 'enode://17@127.0.0.1:1250': 4, 'enode://18@127.0.0.1:1251': -4, 'enode://19@127.0.0.1:1252': 1, 'enode://20@127.0.0.1:1253': 7}
13 1786820449.691 1096 None {'18': 1, '0': 0, '1': 28, '16': 371, '10': 2, '14': 47, '12': 145, '5': 325, '2': 0, '11': 0, '8': 0, '3': 0, '20': 0, '4': 0, '9': 0, '6': 0, '7': 0, '17': 0, '13': 0, '15': 0, '19': 0} {'enode://1@127.0.0.1:1234': -4, 'enode://2@127.0.0.1:1235': 9, 'enode://3@127.0.0.1:1236': 5, 'enode://4@127.0.0.1:1237': 11, 'enode://5@127.0.0.1:1238': -7, 'enode://6@127.0.0.1:1239': -10, 'enode://7@127.0.0.1:1240': 10, 'enode://8@127.0.0.1:1241': 11, 'enode://9@127.0.0.1:1242': 9, 'enode://10@127.0.0.1:1243': -5, 'enode://11@127.0.0.1:1244': 8, 'enode://12@127.0.0.1:1245': -9, 'enode://13@127.0.0.1:1246': 11, 'enode://14@127.0.0.1:1247': -8, 'enode://15@127.0.0.1:1248': 4, 'enode://16@127.0.0.1:1249': -6, 'enode://17@127.0.0.1:1250': 4, 'enode://18@127.0.0.1:1251': -3, 'enode://19@127.0.0.1:1252': 1, 'enode://20@127.0.0.1:1253': 7}
13 1786820449.691 1112 None {'18': 1, '0': 0, '1': 28, '16': 371, '10': 2, '14': 47, '12': 145, '5': 325, '2': 0, '11': 0, '8': 0, '3': 0, '20': 0, '4': 0, '9': 0, '6': 170, '7': 0, '17': 0, '13': 0, '15': 0, '19': 0} {'enode://1@127.0.0.1:1234': -3, 'enode://2@127.0.0.1:1235': 8, 'enode://3@127.0.0.1:1236': 5, 'enode://4@127.0.0.1:1237': 10, 'enode://5@127.0.0.1:1238': -6, 'enode://6@127.0.0.1:1239': -9, 'enode://7@127.0.0.1:1240': 9, 'enode://8@127.0.0.1:1241': 10, 'enode://9@127.0.0.1:1242': 8, 'enode://10@127.0.0.1:1243': -4, 'enode://11@127.0.0.1:1244': 7, 'enode://12@127.0.0.1:1245': -8, 'enode://13@127.0.0.1:1246': -10, 'enode://14@127.0.0.1:1247': -7, 'enode://15@127.0.0.1:1248': 3, 'enode://16@127.0.0.1:1249': -5, 'enode://17@127.0.0.1:1250': 2, 'enode://18@127.0.0.1:1251': -2, 'enode://19@127.0.0.1:1252': 0, 'enode://20@127.0.0.1:1253': 5}
13 1786820449.691 1173 None {'18': 1, '0': 0, '1': 28, '16': 371, '10': 2, '14': 47, '12': 145, '5': 325, '2': 0, '11': 0, '8': 0, '3': 0, '20': 0, '4': 0, '9': 0, '6': 170, '7': 0, '17': 0, '13': 15, '15': 0, '19': 0} {'enode://1@127.0.0.1:1234': -2, 'enode://2@127.0.0.1:1235': 7, 'enode://3@127.0.0.1:1236': 4, 'enode://4@127.0.0.1:1237': -10, 'enode://5@127.0.0.1:1238': -5, 'enode://6@127.0.0.1:1239': -8, 'enode://7@127.0.0.1:1240': 8, 'enode://8@127.0.0.1:1241': 10, 'enode://9@127.0.0.1:1242': 7, 'enode://10@127.0.0.1:1243': -3, 'enode://11@127.0.0.1:1244': 6, 'enode://12@127.0.0.1:1245': -7, 'enode://13@127.0.0.1:1246': -9, 'enode://14@127.0.0.1:1247': -6, 'enode://15@127.0.0.1:1248': 2, 'enode://16@127.0.0.1:1249': -4, 'enode://17@127.0.0.1:1250': 0, 'enode://18@127.0.0.1:1251': -1, 'enode://19@127.0.0.1:1252': 0, 'enode://20@127.0.0.1:1253': 4}
13 1786820449.691 1423 None {'18': 1, '0': 0, '1': 28, '16': 371, '10': 2, '14': 47, '12': 145, '5': 325, '2': 0, '11': 0, '8': 0, '3': 0, '20': 0, '4': 60, '9': 0, '6': 170, '7': 0, '17': 0, '13': 15, '15': 0, '19': 0} {'enode://1@127.0.0.1:1234': -1, 'enode://2@127.0.0.1:1235': 7, 'enode://3@127.0.0.1:1236': 3, 'enode://4@127.0.0.1:1237': -9, 'enode://5@127.0.0.1:1238': -4, 'enode://6@127.0.0.1:1239': -7, 'enode://7@127.0.0.1:1240': 8, 'enode://8@127.0.0.1:1241': -10, 'enode://9@127.0.0.1:1242': 8, 'enode://10@127.0.0.1:1243': -2, 'enode://11@127.0.0.1:1244': 6, 'enode://12@127.0.0.1:1245': -6, 'enode://13@127.0.0.1:1246': -8, 'enode://14@127.0.0.1:1247': -5, 'enode://15@127.0.0.1:1248': 4, 'enode://16@127.0.0.1:1249': -3, 'enode://17@127.0.0.1:1250': 0, 'enode://18@127.0.0.1:1251': 0, 'enode://19@127.0.0.1:1252': 0, 'enode://20@127.0.0.1:1253': 4}
13 1786820449.691 1557 None {'18': 1, '0': 0, '1': 28, '16': 371, '10': 2, '14': 47, '12': 145, '5': 325, '2': 0, '11': 0, '8': 249, '3': 0, '20': 0, '4': 60, '9': 0, '6': 170, '7': 0, '17': 0, '13': 15, '15': 0, '19': 0} {'enode://1@127.0.0.1:1234': 0, 'enode://2@127.0.0.1:1235': 4, 'enode://3@127.0.0.1:1236': 2, 'enode://4@127.0.0.1:1237': -8, 'enode://5@127.0.0.1:1238': -3, 'enode://6@127.0.0.1:1239': -6, 'enode://7@127.0.0.1:1240': 5, 'enode://8@127.0.0.1:1241': -9, 'enode://9@127.0.0.1:1242': -10, 'enode://10@127.0.0.1:1243': -1, 'enode://11@127.0.0.1:1244': 4, 'enode://12@127.0.0.1:1245': -5, 'enode://13@127.0.0.1:1246': -7, 'enode://14@127.0.0.1:1247': -4, 'enode://15@127.0.0.1:1248': 2, 'enode://16@127.0.0.1:1249': -2, 'enode://17@127.0.0.1:1250': 0, 'enode://18@127.0.0.1:1251': 0, 'enode://19@127.0.0.1:1252': 0, 'enode://20@127.0.0.1:1253': 1}
13 1786820449.691 1696 None {'18': 1, '0': 0, '1': 28, '16': 371, '10': 2, '14': 47, '12': 145, '5': 325, '2': 0, '11': 0, '8': 249, '3': 0, '20': 0, '4': 60, '9': 133, '6': 170, '7': 0, '17': 0, '13': 15, '15': 0, '19': 0} {'enode://1@127.0.0.1:1234': 0, 'enode://2@127.0.0.1:1235': 3, 'enode://3@127.0.0.1:1236': 4, 'enode://4@127.0.0.1:1237': -7, 'enode://5@127.0.0.1:1238': -2, 'enode://6@127.0.0.1:1239': -5, 'enode://7@127.0.0.1:1240': -10, 'enode://8@127.0.0.1:1241': -8, 'enode://9@127.0.0.1:1242': -9, 'enode://10@127.0.0.1:1243': 0, 'enode://11@127.0.0.1:1244': 4, 'enode://12@127.0.0.1:1245': -4, 'enode://13@127.0.0.1:1246': -6, 'enode://14@127.0.0.1:1247': -3, 'enode://15@127.0.0.1:1248': 1, 'enode://16@127.0.0.1:1249': -1, 'enode://17@127.0.0.1:1250': 0, 'enode://18@127.0.0.1:1251': 0, 'enode://19@127.0.0.1:1252': 0, 'enode://20@127.0.0.1:1253': 1}
13 1786820449.691 1756 None {'18': 1, '0': 0, '1': 28, '16': 371, '10': 2, '14': 47, '12': 145, '5': 325, '2': 0, '11': 0, '8': 249, '3': 0, '20': 0, '4': 60, '9': 133, '6': 170, '7': 138, '17': 0, '13': 15, '15': 0, '19': 0} {'enode://1@127.0.0.1:1234': 0, 'enode://2@127.0.0.1:1235': 4, 'enode://3@127.0.0.1:1236': -10, 'enode://4@127.0.0.1:1237': -6, 'enode://5@127.0.0.1:1238': -1, 'enode://6@127.0.0.1:1239': -4, 'enode://7@127.0.0.1:1240': -9, 'enode://8@127.0.0.1:1241': -7, 'enode://9@127.0.0.1:1242': -8, 'enode://10@127.0.0.1:1243': 3, 'enode://11@127.0.0.1:1244': 5, 'enode://12@127.0.0.1:1245': -3, 'enode://13@127.0.0.1:1246': -5, 'enode://14@127.0.0.1:1247': -2, 'enode://15@127.0.0.1:1248': 0, 'enode://16@127.0.0.1:1249': 0, 'enode://17@127.0.0.1:1250': 0, 'enode://18@127.0.0.1:1251': 0, 'enode://19@127.0.0.1:1252': 0, 'enode://20@127.0.0.1:1253': 1}
13 1786820449.691 2066 None {'18': 1, '0': 0, '1': 28, '16': 371, '10': 2, '14': 47, '12': 145, '5': 325, '2': 0, '11': 0, '8': 249, '3': 59, '20': 0, '4': 60, '9': 133, '6': 170, '7': 138, '17': 0, '13': 15, '15': 0, '19': 0} {'enode://1@127.0.0.1:1234': 1, 'enode://2@127.0.0.1:1235': 5, 'enode://3@127.0.0.1:1236': -9, 'enode://4@127.0.0.1:1237': -5, 'enode://5@127.0.0.1:1238': 0, 'enode://6@127.0.0.1:1239': -3, 'enode://7@127.0.0.1:1240': -8, 'enode://8@127.0.0.1:1241': -6, 'enode://9@127.0.0.1:1242': -7, 'enode://10@127.0.0.1:1243': 5, 'enode://11@127.0.0.1:1244': 3, 'enode://12@127.0.0.1:1245': -2, 'enode://13@127.0.0.1:1246': -4, 'enode://14@127.0.0.1:1247': -1, 'enode://15@127.0.0.1:1248': -10, 'enode://16@127.0.0.1:1249': 5, 'enode://17@127.0.0.1:1250': 0, 'enode://18@127.0.0.1:1251': 2, 'enode://19@127.0.0.1:1252': 2, 'enode://20@127.0.0.1:1253': 2}
13 1786820449.691 2089 None {'18': 1, '0': 0, '1': 28, '16': 371, '10': 2, '14': 47, '12': 145, '5': 325, '2': 0, '11': 0, '8': 249, '3': 59, '20': 0, '4': 60, '9': 133, '6': 170, '7': 138, '17': 0, '13': 15, '15': 309, '19': 0} {'enode://1@127.0.0.1:1234': 0, 'enode://2@127.0.0.1:1235': 0, 'enode://3@127.0.0.1:1236': -8, 'enode://4@127.0.0.1:1237': -4, 'enode://5@127.0.0.1:1238': 0, 'enode://6@127.0.0.1:1239': -2, 'enode://7@127.0.0.1:1240': -7, 'enode://8@127.0.0.1:1241': -5, 'enode://9@127.0.0.1:1242': -6, 'enode://10@127.0.0.1:1243': 0, 'enode://11@127.0.0.1:1244': 0, 'enode://12@127.0.0.1:1245': -1, 'enode://13@127.0.0.1:1246': -3, 'enode://14@127.0.0.1:1247': 0, 'enode://15@127.0.0.1:1248': -9, 'enode://16@127.0.0.1:1249': -10, 'enode://17@127.0.0.1:1250': 0, 'enode://18@127.0.0.1:1251': 1, 'enode://19@127.0.0.1:1252': 1, 'enode://20@127.0.0.1:1253': 0}
13 1786820449.691 2120 None {'18': 1, '0': 0, '1': 28, '16': 393, '10': 2, '14': 47, '12': 145, '5': 325, '2': 0, '11': 0, '8': 249, '3': 59, '20': 0, '4': 60, '9': 133, '6': 170, '7': 138, '17': 0, '13': 15, '15': 309, '19': 0} {'enode://1@127.0.0.1:1234': 0, 'enode://2@127.0.0.1:1235': 0, 'enode://3@127.0.0.1:1236': -7, 'enode://4@127.0.0.1:1237': -3, 'enode://5@127.0.0.1:1238': 0, 'enode://6@127.0.0.1:1239': -1, 'enode://7@127.0.0.1:1240': -6, 'enode://8@127.0.0.1:1241': -4, 'enode://9@127.0.0.1:1242': -5, 'enode://10@127.0.0.1:1243': 0, 'enode://11@127.0.0.1:1244': 0, 'enode://12@127.0.0.1:1245': 0, 'enode://13@127.0.0.1:1246': -2, 'enode://14@127.0.0.1:1247': 0, 'enode://15@127.0.0.1:1248': -8, 'enode://16@127.0.0.1:1249': -9, 'enode://17@127.0.0.1:1250': 0, 'enode://18@127.0.0.1:1251': -10, 'enode://19@127.0.0.1:1252': 1, 'enode://20@127.0.0.1:1253': 0}
13 1786820449.691 2465 None {'18': 31, '0': 0, '1': 28, '16': 393, '10': 2, '14': 47, '12': 145, '5': 325, '2': 0, '11': 0, '8': 249, '3': 59, '20': 0, '4': 60, '9': 133, '6': 170, '7': 138, '17': 0, '13': 15, '15': 309, '19': 0} {'enode://1@127.0.0.1:1234': 0, 'enode://2@127.0.0.1:1235': 4, 'enode://3@127.0.0.1:1236': -6, 'enode://4@127.0.0.1:1237': -2, 'enode://5@127.0.0.1:1238': 3, 'enode://6@127.0.0.1:1239': 0, 'enode://7@127.0.0.1:1240': -5, 'enode://8@127.0.0.1:1241': -3, 'enode://9@127.0.0.1:1242': -4, 'enode://10@127.0.0.1:1243': 1, 'enode://11@127.0.0.1:1244': 3, 'enode://12@127.0.0.1:1245': -10, 'enode://13@127.0.0.1:1246': -1, 'enode://14@127.0.0.1:1247': 4, 'enode://15@127.0.0.1:1248': -7, 'enode://16@127.0.0.1:1249': -8, 'enode://17@127.0.0.1:1250': 0, 'enode://18@127.0.0.1:1251': -9, 'enode://19@127.0.0.1:1252': 1, 'enode://20@127.0.0.1:1253': 2}
13 1786820449.692 2508 None {'18': 31, '0': 0, '1': 28, '16': 393, '10': 2, '14': 47, '12': 489, '5': 325, '2': 0, '11': 0, '8': 249, '3': 59, '20': 0, '4': 60, '9': 133, '6': 170, '7': 138, '17': 0, '13': 15, '15': 309, '19': 0} {'enode://1@127.0.0.1:1234': 0, 'enode://2@127.0.0.1:1235': 0, 'enode://3@127.0.0.1:1236': -5, 'enode://4@127.0.0.1:1237': -1, 'enode://5@127.0.0.1:1238': 2, 'enode://6@127.0.0.1:1239': 0, 'enode://7@127.0.0.1:1240': -4, 'enode://8@127.0.0.1:1241': -2, 'enode://9@127.0.0.1:1242': -3, 'enode://10@127.0.0.1:1243': 0, 'enode://11@127.0.0.1:1244': 0, 'enode://12@127.0.0.1:1245': -9, 'enode://13@127.0.0.1:1246': 0, 'enode://14@127.0.0.1:1247': -10, 'enode://15@127.0.0.1:1248': -6, 'enode://16@127.0.0.1:1249': -7, 'enode://17@127.0.0.1:1250': 0, 'enode://18@127.0.0.1:1251': -8, 'enode://19@127.0.0.1:1252': 0, 'enode://20@127.0.0.1:1253': 0}
13 1786820449.692 2562 None {'18': 31, '0': 0, '1': 28, '16': 393, '10': 2, '14': 89, '12': 489, '5': 325, '2': 0, '11': 0, '8': 249, '3': 59, '20': 0, '4': 60, '9': 133, '6': 170, '7': 138, '17': 0, '13': 15, '15': 309, '19': 0} {'enode://1@127.0.0.1:1234': 0, 'enode://2@127.0.0.1:1235': 0, 'enode://3@127.0.0.1:1236': -4, 'enode://4@127.0.0.1:1237': 0, 'enode://5@127.0.0.1:1238': -10, 'enode://6@127.0.0.1:1239': 0, 'enode://7@127.0.0.1:1240': -3, 'enode://8@127.0.0.1:1241': -1, 'enode://9@127.0.0.1:1242': -2, 'enode://10@127.0.0.1:1243': 0, 'enode://11@127.0.0.1:1244': 0, 'enode://12@127.0.0.1:1245': -8, 'enode://13@127.0.0.1:1246': 0, 'enode://14@127.0.0.1:1247': -9, 'enode://15@127.0.0.1:1248': -5, 'enode://16@127.0.0.1:1249': -6, 'enode://17@127.0.0.1:1250': 1, 'enode://18@127.0.0.1:1251': -7, 'enode://19@127.0.0.1:1252': 0, 'enode://20@127.0.0.1:1253': 0}
13 1786820449.692 2604 None {'18': 31, '0': 0, '1': 28, '16': 393, '10': 2, '14': 89, '12': 489, '5': 378, '2': 0, '11': 0, '8': 249, '3': 59, '20': 0, '4': 60, '9': 133, '6': 170, '7': 138, '17': 0, '13': 15, '15': 309, '19': 0} {'enode://1@127.0.0.1:1234': 0, 'enode://2@127.0.0.1:1235': 0, 'enode://3@127.0.0.1:1236': -3, 'enode://4@127.0.0.1:1237': 2, 'enode://5@127.0.0.1:1238': -9, 'enode://6@127.0.0.1:1239': 0, 'enode://7@127.0.0.1:1240': -2, 'enode://8@127.0.0.1:1241': 0, 'enode://9@127.0.0.1:1242': -1, 'enode://10@127.0.0.1:1243': 0, 'enode://11@127.0.0.1:1244': 0, 'enode://12@127.0.0.1:1245': -7, 'enode://13@127.0.0.1:1246': 0, 'enode://14@127.0.0.1:1247': -8, 'enode://15@127.0.0.1:1248': -4, 'enode://16@127.0.0.1:1249': -5, 'enode://17@127.0.0.1:1250': -10, 'enode://18@127.0.0.1:1251': -6, 'enode://19@127.0.0.1:1252': 0, 'enode://20@127.0.0.1:1253': 0}
13 1786820449.692 2623 None {'18': 31, '0': 0, '1': 28, '16': 393, '10': 2, '14': 89, '12': 489, '5': 378, '2': 0, '11': 0, '8': 249, '3': 59, '20': 0, '4': 60, '9': 133, '6': 170, '7': 138, '17': 41, '13': 15, '15': 309, '19': 0} {'enode://1@127.0.0.1:1234': 0, 'enode://2@127.0.0.1:1235': 0, 'enode://3@127.0.0.1:1236': -2, 'enode://4@127.0.0.1:1237': -10, 'enode://5@127.0.0.1:1238': -8, 'enode://6@127.0.0.1:1239': 0, 'enode://7@127.0.0.1:1240': -1, 'enode://8@127.0.0.1:1241': 0, 'enode://9@127.0.0.1:1242': 0, 'enode://10@127.0.0.1:1243': 0, 'enode://11@127.0.0.1:1244': 0, 'enode://12@127.0.0.1:1245': -6, 'enode://13@127.0.0.1:1246': 0, 'enode://14@127.0.0.1:1247': -7, 'enode://15@127.0.0.1:1248': -3, 'enode://16@127.0.0.1:1249': -4, 'enode://17@127.0.0.1:1250': -9, 'enode://18@127.0.0.1:1251': -5, 'enode://19@127.0.0.1:1252': 0, 'enode://20@127.0.0.1:1253': 0}
13 1786820449.692 3353 None {'18': 31, '0': 0, '1': 28, '16': 393, '10': 2, '14': 89, '12': 489, '5': 378, '2': 0, '11': 0, '8': 249, '3': 59, '20': 0, '4': 78, '9': 133, '6': 170, '7': 138, '17': 41, '13': 15, '15': 309, '19': 0} {'enode://1@127.0.0.1:1234': 0, 'enode://2@127.0.0.1:1235': 3, 'enode://3@127.0.0.1:1236': -1, 'enode://4@127.0.0.1:1237': -9, 'enode://5@127.0.0.1:1238': -7, 'enode://6@127.0.0.1:1239': 3, 'enode://7@127.0.0.1:1240': 0, 'enode://8@127.0.0.1:1241': 2, 'enode://9@127.0.0.1:1242': 0, 'enode://10@127.0.0.1:1243': 0, 'enode://11@127.0.0.1:1244': 1, 'enode://12@127.0.0.1:1245': -5, 'enode://13@127.0.0.1:1246': -10, 'enode://14@127.0.0.1:1247': -6, 'enode://15@127.0.0.1:1248': -2, 'enode://16@127.0.0.1:1249': -3, 'enode://17@127.0.0.1:1250': -8, 'enode://18@127.0.0.1:1251': -4, 'enode://19@127.0.0.1:1252': 2, 'enode://20@127.0.0.1:1253': 0}
13 1786820449.692 3416 None {'18': 31, '0': 0, '1': 28, '16': 393, '10': 2, '14': 89, '12': 489, '5': 378, '2': 0, '11': 0, '8': 249, '3': 59, '20': 0, '4': 78, '9': 133, '6': 170, '7': 138, '17': 41, '13': 744, '15': 309, '19': 0} {'enode://1@127.0.0.1:1234': 0, 'enode://2@127.0.0.1:1235': 0, 'enode://3@127.0.0.1:1236': 0, 'enode://4@127.0.0.1:1237': -8, 'enode://5@127.0.0.1:1238': -6, 'enode://6@127.0.0.1:1239': -10, 'enode://7@127.0.0.1:1240': 0, 'enode://8@127.0.0.1:1241': 0, 'enode://9@127.0.0.1:1242': 0, 'enode://10@127.0.0.1:1243': 0, 'enode://11@127.0.0.1:1244': 0, 'enode://12@127.0.0.1:1245': -4, 'enode://13@127.0.0.1:1246': -9, 'enode://14@127.0.0.1:1247': -5, 'enode://15@127.0.0.1:1248': -1, 'enode://16@127.0.0.1:1249': -2, 'enode://17@127.0.0.1:1250': -7, 'enode://18@127.0.0.1:1251': -3, 'enode://19@127.0.0.1:1252': 1, 'enode://20@127.0.0.1:1253': 0}
13 1786820449.692 3514 None {'18': 31, '0': 0, '1': 28, '16': 393, '10': 2, '14': 89, '12': 489, '5': 378, '2': 0, '11': 0, '8': 249, '3': 59, '20': 0, '4': 78, '9': 133, '6': 232, '7': 138, '17': 41, '13': 744, '15': 309, '19': 0} {'enode://1@127.0.0.1:1234': 0, 'enode://2@127.0.0.1:1235': 0, 'enode://3@127.0.0.1:1236': 0, 'enode://4@127.0.0.1:1237': -7, 'enode://5@127.0.0.1:1238': -5, 'enode://6@127.0.0.1:1239': -9, 'enode://7@127.0.0.1:1240': 0, 'enode://8@127.0.0.1:1241': 0, 'enode://9@127.0.0.1:1242': 0, 'enode://10@127.0.0.1:1243': 0, 'enode://11@127.0.0.1:1244': 0, 'enode://12@127.0.0.1:1245': -3, 'enode://13@127.0.0.1:1246': -8, 'enode://14@127.0.0.1:1247': -4, 'enode://15@127.0.0.1:1248': 0, 'enode://16@127.0.0.1:1249': -1, 'enode://17@127.0.0.1:1250': -6, 'enode://18@127.0.0.1:1251': -2, 'enode://19@127.0.0.1:1252': -10, 'enode://20@127.0.0.1:1253': 0}
13 1786820449.692 3710 None {'18': 31, '0': 0, '1': 28, '16': 393, '10': 2, '14': 89, '12': 489, '5': 378, '2': 0, '11': 0, '8': 249, '3': 59, '20': 0, '4': 78, '9': 133, '6': 232, '7': 138, '17': 41, '13': 744, '15': 309, '19': 97} {'enode://1@127.0.0.1:1234': 0, 'enode://2@127.0.0.1:1235': 0, 'enode://3@127.0.0.1:1236': 3, 'enode://4@127.0.0.1:1237': -6, 'enode://5@127.0.0.1:1238': -4, 'enode://6@127.0.0.1:1239': -8, 'enode://7@127.0.0.1:1240': 1, 'enode://8@127.0.0.1:1241': 0, 'enode://9@127.0.0.1:1242': 0, 'enode://10@127.0.0.1:1243': -10, 'enode://11@127.0.0.1:1244': 0, 'enode://12@127.0.0.1:1245': -2, 'enode://13@127.0.0.1:1246': -7, 'enode://14@127.0.0.1:1247': -3, 'enode://15@127.0.0.1:1248': 3, 'enode://16@127.0.0.1:1249': 0, 'enode://17@127.0.0.1:1250': -5, 'enode://18@127.0.0.1:1251': -1, 'enode://19@127.0.0.1:1252': -9, 'enode://20@127.0.0.1:1253': 3}
13 1786820449.692 3760 None {'18': 31, '0': 0, '1': 28, '16': 393, '10': 197, '14': 89, '12': 489, '5': 378, '2': 0, '11': 0, '8': 249, '3': 59, '20': 0, '4': 78, '9': 133, '6': 232, '7': 138, '17': 41, '13': 744, '15': 309, '19': 97} {'enode://1@127.0.0.1:1234': 0, 'enode://2@127.0.0.1:1235': 0, 'enode://3@127.0.0.1:1236': 6, 'enode://4@127.0.0.1:1237': -5, 'enode://5@127.0.0.1:1238': -3, 'enode://6@127.0.0.1:1239': -7, 'enode://7@127.0.0.1:1240': 1, 'enode://8@127.0.0.1:1241': 0, 'enode://9@127.0.0.1:1242': 0, 'enode://10@127.0.0.1:1243': -9, 'enode://11@127.0.0.1:1244': 0, 'enode://12@127.0.0.1:1245': -1, 'enode://13@127.0.0.1:1246': -6, 'enode://14@127.0.0.1:1247': -2, 'enode://15@127.0.0.1:1248': 1, 'enode://16@127.0.0.1:1249': 5, 'enode://17@127.0.0.1:1250': -4, 'enode://18@127.0.0.1:1251': 0, 'enode://19@127.0.0.1:1252': -8, 'enode://20@127.0.0.1:1253': -10}
13 1786820449.692 3828 None {'18': 31, '0': 0, '1': 28, '16': 393, '10': 197, '14': 89, '12': 489, '5': 378, '2': 0, '11': 0, '8': 249, '3': 59, '20': 49, '4': 78, '9': 133, '6': 232, '7': 138, '17': 41, '13': 744, '15': 309, '19': 97} {'enode://1@127.0.0.1:1234': 0, 'enode://2@127.0.0.1:1235': 0, 'enode://3@127.0.0.1:1236': 6, 'enode://4@127.0.0.1:1237': -4, 'enode://5@127.0.0.1:1238': -2, 'enode://6@127.0.0.1:1239': -6, 'enode://7@127.0.0.1:1240': 0, 'enode://8@127.0.0.1:1241': 0, 'enode://9@127.0.0.1:1242': 0, 'enode://10@127.0.0.1:1243': -8, 'enode://11@127.0.0.1:1244': 0, 'enode://12@127.0.0.1:1245': 0, 'enode://13@127.0.0.1:1246': -5, 'enode://14@127.0.0.1:1247': -1, 'enode://15@127.0.0.1:1248': 0, 'enode://16@127.0.0.1:1249': -10, 'enode://17@127.0.0.1:1250': -3, 'enode://18@127.0.0.1:1251': 0, 'enode://19@127.0.0.1:1252': -7, 'enode://20@127.0.0.1:1253': -9}
13 1786820449.692 3876 None {'18': 31, '0': 0, '1': 28, '16': 460, '10': 197, '14': 89, '12': 489, '5': 378, '2': 0, '11': 0, '8': 249, '3': 59, '20': 49, '4': 78, '9': 133, '6': 232, '7': 138, '17': 41, '13': 744, '15': 309, '19': 97} {'enode://1@127.0.0.1:1234': 0, 'enode://2@127.0.0.1:1235': 0, 'enode://3@127.0.0.1:1236': 5, 'enode://4@127.0.0.1:1237': -3, 'enode://5@127.0.0.1:1238': -1, 'enode://6@127.0.0.1:1239': -5, 'enode://7@127.0.0.1:1240': 0, 'enode://8@127.0.0.1:1241': 0, 'enode://9@127.0.0.1:1242': 0, 'enode://10@127.0.0.1:1243': -7, 'enode://11@127.0.0.1:1244': 0, 'enode://12@127.0.0.1:1245': -10, 'enode://13@127.0.0.1:1246': -4, 'enode://14@127.0.0.1:1247': 0, 'enode://15@127.0.0.1:1248': 0, 'enode://16@127.0.0.1:1249': -9, 'enode://17@127.0.0.1:1250': -2, 'enode://18@127.0.0.1:1251': 0, 'enode://19@127.0.0.1:1252': -6, 'enode://20@127.0.0.1:1253': -8}
13 1786820449.692 4250 None {'18': 31, '0': 0, '1': 28, '16': 460, '10': 197, '14': 89, '12': 536, '5': 378, '2': 0, '11': 0, '8': 249, '3': 59, '20': 49, '4': 78, '9': 133, '6': 232, '7': 138, '17': 41, '13': 744, '15': 309, '19': 97} {'enode://1@127.0.0.1:1234': 2, 'enode://2@127.0.0.1:1235': 0, 'enode://3@127.0.0.1:1236': 3, 'enode://4@127.0.0.1:1237': -2, 'enode://5@127.0.0.1:1238': 0, 'enode://6@127.0.0.1:1239': -4, 'enode://7@127.0.0.1:1240': 0, 'enode://8@127.0.0.1:1241': 0, 'enode://9@127.0.0.1:1242': 0, 'enode://10@127.0.0.1:1243': -6, 'enode://11@127.0.0.1:1244': -10, 'enode://12@127.0.0.1:1245': -9, 'enode://13@127.0.0.1:1246': -3, 'enode://14@127.0.0.1:1247': 3, 'enode://15@127.0.0.1:1248': 2, 'enode://16@127.0.0.1:1249': -8, 'enode://17@127.0.0.1:1250': -1, 'enode://18@127.0.0.1:1251': 2, 'enode://19@127.0.0.1:1252': -5, 'enode://20@127.0.0.1:1253': -7}
13 1786820449.692 4339 None {'18': 31, '0': 0, '1': 28, '16': 460, '10': 197, '14': 89, '12': 536, '5': 378, '2': 0, '11': 373, '8': 249, '3': 59, '20': 49, '4': 78, '9': 133, '6': 232, '7': 138, '17': 41, '13': 744, '15': 309, '19': 97} {'enode://1@127.0.0.1:1234': 2, 'enode://2@127.0.0.1:1235': 0, 'enode://3@127.0.0.1:1236': 0, 'enode://4@127.0.0.1:1237': -1, 'enode://5@127.0.0.1:1238': 2, 'enode://6@127.0.0.1:1239': -3, 'enode://7@127.0.0.1:1240': 0, 'enode://8@127.0.0.1:1241': 0, 'enode://9@127.0.0.1:1242': 0, 'enode://10@127.0.0.1:1243': -5, 'enode://11@127.0.0.1:1244': -9, 'enode://12@127.0.0.1:1245': -8, 'enode://13@127.0.0.1:1246': -2, 'enode://14@127.0.0.1:1247': 1, 'enode://15@127.0.0.1:1248': -10, 'enode://16@127.0.0.1:1249': -7, 'enode://17@127.0.0.1:1250': 0, 'enode://18@127.0.0.1:1251': 1, 'enode://19@127.0.0.1:1252': -4, 'enode://20@127.0.0.1:1253': -6}
13 1786820449.692 4390 None {'18': 31, '0': 0, '1': 28, '16': 460, '10': 197, '14': 89, '12': 536, '5': 378, '2': 0, '11': 373, '8': 249, '3': 59, '20': 49, '4': 78, '9': 133, '6': 232, '7': 138, '17': 41, '13': 744, '15': 397, '19': 97} {'enode://1@127.0.0.1:1234': -10, 'enode://2@127.0.0.1:1235': 0, 'enode://3@127.0.0.1:1236': 0, 'enode://4@127.0.0.1:1237': 0, 'enode://5@127.0.0.1:1238': 3, 'enode://6@127.0.0.1:1239': -2, 'enode://7@127.0.0.1:1240': 0, 'enode://8@127.0.0.1:1241': 0, 'enode://9@127.0.0.1:1242': 0, 'enode://10@127.0.0.1:1243': -4, 'enode://11@127.0.0.1:1244': -8, 'enode://12@127.0.0.1:1245': -7, 'enode://13@127.0.0.1:1246': -1, 'enode://14@127.0.0.1:1247': 0, 'enode://15@127.0.0.1:1248': -9, 'enode://16@127.0.0.1:1249': -6, 'enode://17@127.0.0.1:1250': 4, 'enode://18@127.0.0.1:1251': 0, 'enode://19@127.0.0.1:1252': -3, 'enode://20@127.0.0.1:1253': -5}
13 1786820449.692 4402 None {'18': 31, '0': 0, '1': 78, '16': 460, '10': 197, '14': 89, '12': 536, '5': 378, '2': 0, '11': 373, '8': 249, '3': 59, '20': 49, '4': 78, '9': 133, '6': 232, '7': 138, '17': 41, '13': 744, '15': 397, '19': 97} {'enode://1@127.0.0.1:1234': -9, 'enode://2@127.0.0.1:1235': 0, 'enode://3@127.0.0.1:1236': 0, 'enode://4@127.0.0.1:1237': 0, 'enode://5@127.0.0.1:1238': 3, 'enode://6@127.0.0.1:1239': -1, 'enode://7@127.0.0.1:1240': 0, 'enode://8@127.0.0.1:1241': 0, 'enode://9@127.0.0.1:1242': 0, 'enode://10@127.0.0.1:1243': -3, 'enode://11@127.0.0.1:1244': -7, 'enode://12@127.0.0.1:1245': -6, 'enode://13@127.0.0.1:1246': 0, 'enode://14@127.0.0.1:1247': 0, 'enode://15@127.0.0.1:1248': -8, 'enode://16@127.0.0.1:1249': -5, 'enode://17@127.0.0.1:1250': -10, 'enode://18@127.0.0.1:1251': 0, 'enode://19@127.0.0.1:1252': -2, 'enode://20@127.0.0.1:1253': -4}
13 1786820449.693 4421 None {'18': 31, '0': 0, '1': 78, '16': 460, '10': 197, '14': 89, '12': 536, '5': 378, '2': 0, '11': 373, '8': 249, '3': 59, '20': 49, '4': 78, '9': 133, '6': 232, '7': 138, '17': 52, '13': 744, '15': 397, '19': 97} {'enode://1@127.0.0.1:1234': -8, 'enode://2@127.0.0.1:1235': 0, 'enode://3@127.0.0.1:1236': 0, 'enode://4@127.0.0.1:1237': 0, 'enode://5@127.0.0.1:1238': -10, 'enode://6@127.0.0.1:1239': 0, 'enode://7@127.0.0.1:1240': 0, 'enode://8@127.0.0.1:1241': 0, 'enode://9@127.0.0.1:1242': 0, 'enode://10@127.0.0.1:1243': -2, 'enode://11@127.0.0.1:1244': -6, 'enode://12@127.0.0.1:1245': -5, 'enode://13@127.0.0.1:1246': 0, 'enode://14@127.0.0.1:1247': 0, 'enode://15@127.0.0.1:1248': -7, 'enode://16@127.0.0.1:1249': -4, 'enode://17@127.0.0.1:1250': -9, 'enode://18@127.0.0.1:1251': 0, 'enode://19@127.0.0.1:1252': -1, 'enode://20@127.0.0.1:1253': -3}
13 1786820449.693 5105 None {'18': 31, '0': 0, '1': 78, '16': 460, '10': 197, '14': 89, '12': 536, '5': 396, '2': 0, '11': 373, '8': 249, '3': 59, '20': 49, '4': 78, '9': 133, '6': 232, '7': 138, '17': 52, '13': 744, '15': 397, '19': 97} {'enode://1@127.0.0.1:1234': -7, 'enode://2@127.0.0.1:1235': 0, 'enode://3@127.0.0.1:1236': 0, 'enode://4@127.0.0.1:1237': 0, 'enode://5@127.0.0.1:1238': -9, 'enode://6@127.0.0.1:1239': -10, 'enode://7@127.0.0.1:1240': 0, 'enode://8@127.0.0.1:1241': 0, 'enode://9@127.0.0.1:1242': 0, 'enode://10@127.0.0.1:1243': -1, 'enode://11@127.0.0.1:1244': -5, 'enode://12@127.0.0.1:1245': -4, 'enode://13@127.0.0.1:1246': 1, 'enode://14@127.0.0.1:1247': 0, 'enode://15@127.0.0.1:1248': -6, 'enode://16@127.0.0.1:1249': -3, 'enode://17@127.0.0.1:1250': -8, 'enode://18@127.0.0.1:1251': 0, 'enode://19@127.0.0.1:1252': 0, 'enode://20@127.0.0.1:1253': -2}
13 1786820449.693 5598 None {'18': 31, '0': 0, '1': 78, '16': 460, '10': 197, '14': 89, '12': 536, '5': 396, '2': 0, '11': 373, '8': 249, '3': 59, '20': 49, '4': 78, '9': 133, '6': 915, '7': 138, '17': 52, '13': 744, '15': 397, '19': 97} {'enode://1@127.0.0.1:1234': -6, 'enode://2@127.0.0.1:1235': 3, 'enode://3@127.0.0.1:1236': 0, 'enode://4@127.0.0.1:1237': 3, 'enode://5@127.0.0.1:1238': -8, 'enode://6@127.0.0.1:1239': -9, 'enode://7@127.0.0.1:1240': 0, 'enode://8@127.0.0.1:1241': -10, 'enode://9@127.0.0.1:1242': 1, 'enode://10@127.0.0.1:1243': 0, 'enode://11@127.0.0.1:1244': -4, 'enode://12@127.0.0.1:1245': -3, 'enode://13@127.0.0.1:1246': 4, 'enode://14@127.0.0.1:1247': 2, 'enode://15@127.0.0.1:1248': -5, 'enode://16@127.0.0.1:1249': -2, 'enode://17@127.0.0.1:1250': -7, 'enode://18@127.0.0.1:1251': 0, 'enode://19@127.0.0.1:1252': 2, 'enode://20@127.0.0.1:1253': -1}
13 1786820449.693 6179 None {'18': 31, '0': 0, '1': 78, '16': 460, '10': 197, '14': 89, '12': 536, '5': 396, '2': 0, '11': 373, '8': 741, '3': 59, '20': 49, '4': 78, '9': 133, '6': 915, '7': 138, '17': 52, '13': 744, '15': 397, '19': 97} {'enode://1@127.0.0.1:1234': -5, 'enode://2@127.0.0.1:1235': 0, 'enode://3@127.0.0.1:1236': 6, 'enode://4@127.0.0.1:1237': 3, 'enode://5@127.0.0.1:1238': -7, 'enode://6@127.0.0.1:1239': -8, 'enode://7@127.0.0.1:1240': 0, 'enode://8@127.0.0.1:1241': -9, 'enode://9@127.0.0.1:1242': -10, 'enode://10@127.0.0.1:1243': 1, 'enode://11@127.0.0.1:1244': -3, 'enode://12@127.0.0.1:1245': -2, 'enode://13@127.0.0.1:1246': 2, 'enode://14@127.0.0.1:1247': 3, 'enode://15@127.0.0.1:1248': -4, 'enode://16@127.0.0.1:1249': -1, 'enode://17@127.0.0.1:1250': -6, 'enode://18@127.0.0.1:1251': 4, 'enode://19@127.0.0.1:1252': 4, 'enode://20@127.0.0.1:1253': 0}
13 1786820449.693 6197 None {'18': 31, '0': 0, '1': 78, '16': 460, '10': 197, '14': 89, '12': 536, '5': 396, '2': 0, '11': 373, '8': 741, '3': 59, '20': 49, '4': 78, '9': 713, '6': 915, '7': 138, '17': 52, '13': 744, '15': 397, '19': 97} {'enode://1@127.0.0.1:1234': -4, 'enode://2@127.0.0.1:1235': 0, 'enode://3@127.0.0.1:1236': -10, 'enode://4@127.0.0.1:1237': 0, 'enode://5@127.0.0.1:1238': -6, 'enode://6@127.0.0.1:1239': -7, 'enode://7@127.0.0.1:1240': 0, 'enode://8@127.0.0.1:1241': -8, 'enode://9@127.0.0.1:1242': -9, 'enode://10@127.0.0.1:1243': 0, 'enode://11@127.0.0.1:1244': -2, 'enode://12@127.0.0.1:1245': -1, 'enode://13@127.0.0.1:1246': 0, 'enode://14@127.0.0.1:1247': 0, 'enode://15@127.0.0.1:1248': -3, 'enode://16@127.0.0.1:1249': 0, 'enode://17@127.0.0.1:1250': -5, 'enode://18@127.0.0.1:1251': 4, 'enode://19@127.0.0.1:1252': 4, 'enode://20@127.0.0.1:1253': 5}
13 1786820449.693 6239 None {'18': 31, '0': 0, '1': 78, '16': 460, '10': 197, '14': 89, '12': 536, '5': 396, '2': 0, '11': 373, '8': 741, '3': 76, '20': 49, '4': 78, '9': 713, '6': 915, '7': 138, '17': 52, '13': 744, '15': 397, '19': 97} {'enode://1@127.0.0.1:1234': -3, 'enode://2@127.0.0.1:1235': 0, 'enode://3@127.0.0.1:1236': -9, 'enode://4@127.0.0.1:1237': 0, 'enode://5@127.0.0.1:1238': -5, 'enode://6@127.0.0.1:1239': -6, 'enode://7@127.0.0.1:1240': 0, 'enode://8@127.0.0.1:1241': -7, 'enode://9@127.0.0.1:1242': -8, 'enode://10@127.0.0.1:1243': 0, 'enode://11@127.0.0.1:1244': -1, 'enode://12@127.0.0.1:1245': 0, 'enode://13@127.0.0.1:1246': 0, 'enode://14@127.0.0.1:1247': 0, 'enode://15@127.0.0.1:1248': -2, 'enode://16@127.0.0.1:1249': 0, 'enode://17@127.0.0.1:1250': -4, 'enode://18@127.0.0.1:1251': -10, 'enode://19@127.0.0.1:1252': 0, 'enode://20@127.0.0.1:1253': 4}
13 1786820449.693 6392 None {'18': 72, '0': 0, '1': 78, '16': 460, '10': 197, '14': 89, '12': 536, '5': 396, '2': 0, '11': 373, '8': 741, '3': 76, '20': 49, '4': 78, '9': 713, '6': 915, '7': 138, '17': 52, '13': 744, '15': 397, '19': 97} {'enode://1@127.0.0.1:1234': -2, 'enode://2@127.0.0.1:1235': 0, 'enode://3@127.0.0.1:1236': -8, 'enode://4@127.0.0.1:1237': 2, 'enode://5@127.0.0.1:1238': -4, 'enode://6@127.0.0.1:1239': -5, 'enode://7@127.0.0.1:1240': 0, 'enode://8@127.0.0.1:1241': -6, 'enode://9@127.0.0.1:1242': -7, 'enode://10@127.0.0.1:1243': 0, 'enode://11@127.0.0.1:1244': 0, 'enode://12@127.0.0.1:1245': 0, 'enode://13@127.0.0.1:1246': -10, 'enode://14@127.0.0.1:1247': 3, 'enode://15@127.0.0.1:1248': -1, 'enode://16@127.0.0.1:1249': 0, 'enode://17@127.0.0.1:1250': -3, 'enode://18@127.0.0.1:1251': -9, 'enode://19@127.0.0.1:1252': 0, 'enode://20@127.0.0.1:1253': 0}
13 1786820449.693 6408 None {'18': 72, '0': 0, '1': 78, '16': 460, '10': 197, '14': 89, '12': 536, '5': 396, '2': 0, '11': 373, '8': 741, '3': 76, '20': 49, '4': 78, '9': 713, '6': 915, '7': 138, '17': 52, '13': 896, '15': 397, '19': 97} {'enode://1@127.0.0.1:1234': -1, 'enode://2@127.0.0.1:1235': 0, 'enode://3@127.0.0.1:1236': -7, 'enode://4@127.0.0.1:1237': 0, 'enode://5@127.0.0.1:1238': -3, 'enode://6@127.0.0.1:1239': -4, 'enode://7@127.0.0.1:1240': 0, 'enode://8@127.0.0.1:1241': -5, 'enode://9@127.0.0.1:1242': -6, 'enode://10@127.0.0.1:1243': 0, 'enode://11@127.0.0.1:1244': 0, 'enode://12@127.0.0.1:1245': 0, 'enode://13@127.0.0.1:1246': -9, 'enode://14@127.0.0.1:1247': -10, 'enode://15@127.0.0.1:1248': 0, 'enode://16@127.0.0.1:1249': 0, 'enode://17@127.0.0.1:1250': -2, 'enode://18@127.0.0.1:1251': -8, 'enode://19@127.0.0.1:1252': 0, 'enode://20@127.0.0.1:1253': 0}
13 1786820449.693 6628 None {'18': 72, '0': 0, '1': 78, '16': 460, '10': 197, '14': 104, '12': 536, '5': 396, '2': 0, '11': 373, '8': 741, '3': 76, '20': 49, '4': 78, '9': 713, '6': 915, '7': 138, '17': 52, '13': 896, '15': 397, '19': 97} {'enode://1@127.0.0.1:1234': 0, 'enode://2@127.0.0.1:1235': 0, 'enode://3@127.0.0.1:1236': -6, 'enode://4@127.0.0.1:1237': 3, 'enode://5@127.0.0.1:1238': -2, 'enode://6@127.0.0.1:1239': -3, 'enode://7@127.0.0.1:1240': 0, 'enode://8@127.0.0.1:1241': -4, 'enode://9@127.0.0.1:1242': -5, 'enode://10@127.0.0.1:1243': -10, 'enode://11@127.0.0.1:1244': 0, 'enode://12@127.0.0.1:1245': 0, 'enode://13@127.0.0.1:1246': -8, 'enode://14@127.0.0.1:1247': -9, 'enode://15@127.0.0.1:1248': 0, 'enode://16@127.0.0.1:1249': 0, 'enode://17@127.0.0.1:1250': -1, 'enode://18@127.0.0.1:1251': -7, 'enode://19@127.0.0.1:1252': 0, 'enode://20@127.0.0.1:1253': 0}
13 1786820449.693 6652 None {'18': 72, '0': 0, '1': 78, '16': 460, '10': 416, '14': 104, '12': 536, '5': 396, '2': 0, '11': 373, '8': 741, '3': 76, '20': 49, '4': 78, '9': 713, '6': 915, '7': 138, '17': 52, '13': 896, '15': 397, '19': 97} {'enode://1@127.0.0.1:1234': 0, 'enode://2@127.0.0.1:1235': 0, 'enode://3@127.0.0.1:1236': -5, 'enode://4@127.0.0.1:1237': -10, 'enode://5@127.0.0.1:1238': -1, 'enode://6@127.0.0.1:1239': -2, 'enode://7@127.0.0.1:1240': 0, 'enode://8@127.0.0.1:1241': -3, 'enode://9@127.0.0.1:1242': -4, 'enode://10@127.0.0.1:1243': -9, 'enode://11@127.0.0.1:1244': 0, 'enode://12@127.0.0.1:1245': 0, 'enode://13@127.0.0.1:1246': -7, 'enode://14@127.0.0.1:1247': -8, 'enode://15@127.0.0.1:1248': 0, 'enode://16@127.0.0.1:1249': 0, 'enode://17@127.0.0.1:1250': 0, 'enode://18@127.0.0.1:1251': -6, 'enode://19@127.0.0.1:1252': 0, 'enode://20@127.0.0.1:1253': 0}
13 1786820449.693 8180 None {'18': 72, '0': 0, '1': 78, '16': 460, '10': 416, '14': 104, '12': 536, '5': 396, '2': 0, '11': 373, '8': 741, '3': 76, '20': 49, '4': 101, '9': 713, '6': 915, '7': 138, '17': 52, '13': 896, '15': 397, '19': 97} {'enode://1@127.0.0.1:1234': 7, 'enode://2@127.0.0.1:1235': 6, 'enode://3@127.0.0.1:1236': -4, 'enode://4@127.0.0.1:1237': -9, 'enode://5@127.0.0.1:1238': 0, 'enode://6@127.0.0.1:1239': -1, 'enode://7@127.0.0.1:1240': 0, 'enode://8@127.0.0.1:1241': -2, 'enode://9@127.0.0.1:1242': -3, 'enode://10@127.0.0.1:1243': -8, 'enode://11@127.0.0.1:1244': 7, 'enode://12@127.0.0.1:1245': 6, 'enode://13@127.0.0.1:1246': -6, 'enode://14@127.0.0.1:1247': -7, 'enode://15@127.0.0.1:1248': 0, 'enode://16@127.0.0.1:1249': 0, 'enode://17@127.0.0.1:1250': -10, 'enode://18@127.0.0.1:1251': -5, 'enode://19@127.0.0.1:1252': 4, 'enode://20@127.0.0.1:1253': 0}
13 1786820449.693 8216 None {'18': 72, '0': 0, '1': 78, '16': 460, '10': 416, '14': 104, '12': 536, '5': 396, '2': 0, '11': 373, '8': 741, '3': 76, '20': 49, '4': 101, '9': 713, '6': 915, '7': 138, '17': 1579, '13': 896, '15': 397, '19': 97} {'enode://1@127.0.0.1:1234': 0, 'enode://2@127.0.0.1:1235': -10, 'enode://3@127.0.0.1:1236': -3, 'enode://4@127.0.0.1:1237': -8, 'enode://5@127.0.0.1:1238': 3, 'enode://6@127.0.0.1:1239': 0, 'enode://7@127.0.0.1:1240': 0, 'enode://8@127.0.0.1:1241': -1, 'enode://9@127.0.0.1:1242': -2, 'enode://10@127.0.0.1:1243': -7, 'enode://11@127.0.0.1:1244': 0, 'enode://12@127.0.0.1:1245': 1, 'enode://13@127.0.0.1:1246': -5, 'enode://14@127.0.0.1:1247': -6, 'enode://15@127.0.0.1:1248': 0, 'enode://16@127.0.0.1:1249': 0, 'enode://17@127.0.0.1:1250': -9, 'enode://18@127.0.0.1:1251': -4, 'enode://19@127.0.0.1:1252': 2, 'enode://20@127.0.0.1:1253': 0}
13 1786820449.693 8234 None {'18': 72, '0': 0, '1': 78, '16': 460, '10': 416, '14': 104, '12': 536, '5': 396, '2': 35, '11': 373, '8': 741, '3': 76, '20': 49, '4': 101, '9': 713, '6': 915, '7': 138, '17': 1579, '13': 896, '15': 397, '19': 97} {'enode://1@127.0.0.1:1234': 0, 'enode://2@127.0.0.1:1235': -9, 'enode://3@127.0.0.1:1236': -2, 'enode://4@127.0.0.1:1237': -7, 'enode://5@127.0.0.1:1238': -10, 'enode://6@127.0.0.1:1239': 0, 'enode://7@127.0.0.1:1240': 0, 'enode://8@127.0.0.1:1241': 0, 'enode://9@127.0.0.1:1242': -1, 'enode://10@127.0.0.1:1243': -6, 'enode://11@127.0.0.1:1244': 0, 'enode://12@127.0.0.1:1245': 0, 'enode://13@127.0.0.1:1246': -4, 'enode://14@127.0.0.1:1247': -5, 'enode://15@127.0.0.1:1248': 0, 'enode://16@127.0.0.1:1249': 0, 'enode://17@127.0.0.1:1250': -8, 'enode://18@127.0.0.1:1251': -3, 'enode://19@127.0.0.1:1252': 2, 'enode://20@127.0.0.1:1253': 0}
13 1786820449.693 8248 None {'18': 72, '0': 0, '1': 78, '16': 460, '10': 416, '14': 104, '12': 536, '5': 413, '2': 35, '11': 373, '8': 741, '3': 76, '20': 49, '4': 101, '9': 713, '6': 915, '7': 138, '17': 1579, '13': 896, '15': 397, '19': 97} {'enode://1@127.0.0.1:1234': 0, 'enode://2@127.0.0.1:1235': -8, 'enode://3@127.0.0.1:1236': -1, 'enode://4@127.0.0.1:1237': -6, 'enode://5@127.0.0.1:1238': -9, 'enode://6@127.0.0.1:1239': 0, 'enode://7@127.0.0.1:1240': 0, 'enode://8@127.0.0.1:1241': 0, 'enode://9@127.0.0.1:1242': 0, 'enode://10@127.0.0.1:1243': -5, 'enode://11@127.0.0.1:1244': 0, 'enode://12@127.0.0.1:1245': 0, 'enode://13@127.0.0.1:1246': -3, 'enode://14@127.0.0.1:1247': -4, 'enode://15@127.0.0.1:1248': 0, 'enode://16@127.0.0.1:1249': 0, 'enode://17@127.0.0.1:1250': -7, 'enode://18@127.0.0.1:1251': -2, 'enode://19@127.0.0.1:1252': -10, 'enode://20@127.0.0.1:1253': 0}
13 1786820449.693 8571 None {'18': 72, '0': 0, '1': 78, '16': 460, '10': 416, '14': 104, '12': 536, '5': 413, '2': 35, '11': 373, '8': 741, '3': 76, '20': 49, '4': 101, '9': 713, '6': 915, '7': 138, '17': 1579, '13': 896, '15': 397, '19': 110} {'enode://1@127.0.0.1:1234': 0, 'enode://2@127.0.0.1:1235': -7, 'enode://3@127.0.0.1:1236': 0, 'enode://4@127.0.0.1:1237': -5, 'enode://5@127.0.0.1:1238': -8, 'enode://6@127.0.0.1:1239': 0, 'enode://7@127.0.0.1:1240': 0, 'enode://8@127.0.0.1:1241': 0, 'enode://9@127.0.0.1:1242': 0, 'enode://10@127.0.0.1:1243': -4, 'enode://11@127.0.0.1:1244': 0, 'enode://12@127.0.0.1:1245': -10, 'enode://13@127.0.0.1:1246': -2, 'enode://14@127.0.0.1:1247': -3, 'enode://15@127.0.0.1:1248': 0, 'enode://16@127.0.0.1:1249': 0, 'enode://17@127.0.0.1:1250': -6, 'enode://18@127.0.0.1:1251': -1, 'enode://19@127.0.0.1:1252': -9, 'enode://20@127.0.0.1:1253': 0}
13 1786820449.694 8964 None {'18': 72, '0': 0, '1': 78, '16': 460, '10': 416, '14': 104, '12': 858, '5': 413, '2': 35, '11': 373, '8': 741, '3': 76, '20': 49, '4': 101, '9': 713, '6': 915, '7': 138, '17': 1579, '13': 896, '15': 397, '19': 110} {'enode://1@127.0.0.1:1234': 0, 'enode://2@127.0.0.1:1235': -6, 'enode://3@127.0.0.1:1236': 3, 'enode://4@127.0.0.1:1237': -4, 'enode://5@127.0.0.1:1238': -7, 'enode://6@127.0.0.1:1239': 2, 'enode://7@127.0.0.1:1240': 0, 'enode://8@127.0.0.1:1241': 0, 'enode://9@127.0.0.1:1242': 1, 'enode://10@127.0.0.1:1243': -3, 'enode://11@127.0.0.1:1244': 0, 'enode://12@127.0.0.1:1245': -9, 'enode://13@127.0.0.1:1246': -1, 'enode://14@127.0.0.1:1247': -2, 'enode://15@127.0.0.1:1248': 0, 'enode://16@127.0.0.1:1249': 2, 'enode://17@127.0.0.1:1250': -5, 'enode://18@127.0.0.1:1251': 0, 'enode://19@127.0.0.1:1252': -8, 'enode://20@127.0.0.1:1253': -10}
13 1786820449.694 8982 None {'18': 72, '0': 0, '1': 78, '16': 460, '10': 416, '14': 104, '12': 858, '5': 413, '2': 35, '11': 373, '8': 741, '3': 76, '20': 441, '4': 101, '9': 713, '6': 915, '7': 138, '17': 1579, '13': 896, '15': 397, '19': 110} {'enode://1@127.0.0.1:1234': 0, 'enode://2@127.0.0.1:1235': -5, 'enode://3@127.0.0.1:1236': 3, 'enode://4@127.0.0.1:1237': -3, 'enode://5@127.0.0.1:1238': -6, 'enode://6@127.0.0.1:1239': 2, 'enode://7@127.0.0.1:1240': 2, 'enode://8@127.0.0.1:1241': 0, 'enode://9@127.0.0.1:1242': 1, 'enode://10@127.0.0.1:1243': -2, 'enode://11@127.0.0.1:1244': 0, 'enode://12@127.0.0.1:1245': -8, 'enode://13@127.0.0.1:1246': 0, 'enode://14@127.0.0.1:1247': -1, 'enode://15@127.0.0.1:1248': 0, 'enode://16@127.0.0.1:1249': -10, 'enode://17@127.0.0.1:1250': -4, 'enode://18@127.0.0.1:1251': 0, 'enode://19@127.0.0.1:1252': -7, 'enode://20@127.0.0.1:1253': -9}
13 1786820449.694 8992 None {'18': 72, '0': 0, '1': 78, '16': 477, '10': 416, '14': 104, '12': 858, '5': 413, '2': 35, '11': 373, '8': 741, '3': 76, '20': 441, '4': 101, '9': 713, '6': 915, '7': 138, '17': 1579, '13': 896, '15': 397, '19': 110} {'enode://1@127.0.0.1:1234': 0, 'enode://2@127.0.0.1:1235': -4, 'enode://3@127.0.0.1:1236': 3, 'enode://4@127.0.0.1:1237': -2, 'enode://5@127.0.0.1:1238': -5, 'enode://6@127.0.0.1:1239': 2, 'enode://7@127.0.0.1:1240': -10, 'enode://8@127.0.0.1:1241': 0, 'enode://9@127.0.0.1:1242': 0, 'enode://10@127.0.0.1:1243': -1, 'enode://11@127.0.0.1:1244': 0, 'enode://12@127.0.0.1:1245': -7, 'enode://13@127.0.0.1:1246': 0, 'enode://14@127.0.0.1:1247': 0, 'enode://15@127.0.0.1:1248': 0, 'enode://16@127.0.0.1:1249': -9, 'enode://17@127.0.0.1:1250': -3, 'enode://18@127.0.0.1:1251': 0, 'enode://19@127.0.0.1:1252': -6, 'enode://20@127.0.0.1:1253': -8}
13 1786820449.694 9270 None {'18': 72, '0': 0, '1': 78, '16': 477, '10': 416, '14': 104, '12': 858, '5': 413, '2': 35, '11': 373, '8': 741, '3': 76, '20': 441, '4': 101, '9': 713, '6': 915, '7': 147, '17': 1579, '13': 896, '15': 397, '19': 110} {'enode://1@127.0.0.1:1234': 0, 'enode://2@127.0.0.1:1235': -3, 'enode://3@127.0.0.1:1236': 0, 'enode://4@127.0.0.1:1237': -1, 'enode://5@127.0.0.1:1238': -4, 'enode://6@127.0.0.1:1239': -10, 'enode://7@127.0.0.1:1240': -9, 'enode://8@127.0.0.1:1241': 0, 'enode://9@127.0.0.1:1242': 0, 'enode://10@127.0.0.1:1243': 0, 'enode://11@127.0.0.1:1244': 0, 'enode://12@127.0.0.1:1245': -6, 'enode://13@127.0.0.1:1246': 0, 'enode://14@127.0.0.1:1247': 3, 'enode://15@127.0.0.1:1248': 0, 'enode://16@127.0.0.1:1249': -8, 'enode://17@127.0.0.1:1250': -2, 'enode://18@127.0.0.1:1251': 0, 'enode://19@127.0.0.1:1252': -5, 'enode://20@127.0.0.1:1253': -7}
13 1786820449.694 9429 None {'18': 72, '0': 0, '1': 78, '16': 477, '10': 416, '14': 104, '12': 858, '5': 413, '2': 35, '11': 373, '8': 741, '3': 76, '20': 441, '4': 101, '9': 713, '6': 1192, '7': 147, '17': 1579, '13': 896, '15': 397, '19': 110} {'enode://1@127.0.0.1:1234': 0, 'enode://2@127.0.0.1:1235': -2, 'enode://3@127.0.0.1:1236': 3, 'enode://4@127.0.0.1:1237': 0, 'enode://5@127.0.0.1:1238': -3, 'enode://6@127.0.0.1:1239': -9, 'enode://7@127.0.0.1:1240': -8, 'enode://8@127.0.0.1:1241': 0, 'enode://9@127.0.0.1:1242': 2, 'enode://10@127.0.0.1:1243': 1, 'enode://11@127.0.0.1:1244': 0, 'enode://12@127.0.0.1:1245': -5, 'enode://13@127.0.0.1:1246': -10, 'enode://14@127.0.0.1:1247': 0, 'enode://15@127.0.0.1:1248': 0, 'enode://16@127.0.0.1:1249': -7, 'enode://17@127.0.0.1:1250': -1, 'enode://18@127.0.0.1:1251': 0, 'enode://19@127.0.0.1:1252': -4, 'enode://20@127.0.0.1:1253': -6}
13 1786820449.694 9440 None {'18': 72, '0': 0, '1': 78, '16': 477, '10': 416, '14': 104, '12': 858, '5': 413, '2': 35, '11': 373, '8': 741, '3': 76, '20': 441, '4': 101, '9': 713, '6': 1192, '7': 147, '17': 1579, '13': 1054, '15': 397, '19': 110} {'enode://1@127.0.0.1:1234': 0, 'enode://2@127.0.0.1:1235': -1, 'enode://3@127.0.0.1:1236': 3, 'enode://4@127.0.0.1:1237': 4, 'enode://5@127.0.0.1:1238': -2, 'enode://6@127.0.0.1:1239': -8, 'enode://7@127.0.0.1:1240': -7, 'enode://8@127.0.0.1:1241': 0, 'enode://9@127.0.0.1:1242': -10, 'enode://10@127.0.0.1:1243': 0, 'enode://11@127.0.0.1:1244': 0, 'enode://12@127.0.0.1:1245': -4, 'enode://13@127.0.0.1:1246': -9, 'enode://14@127.0.0.1:1247': 0, 'enode://15@127.0.0.1:1248': 0, 'enode://16@127.0.0.1:1249': -6, 'enode://17@127.0.0.1:1250': 0, 'enode://18@127.0.0.1:1251': 0, 'enode://19@127.0.0.1:1252': -3, 'enode://20@127.0.0.1:1253': -5}
13 1786820449.694 9669 None {'18': 72, '0': 0, '1': 78, '16': 477, '10': 416, '14': 104, '12': 858, '5': 413, '2': 35, '11': 373, '8': 741, '3': 76, '20': 441, '4': 101, '9': 723, '6': 1192, '7': 147, '17': 1579, '13': 1054, '15': 397, '19': 110} {'enode://1@127.0.0.1:1234': 1, 'enode://2@127.0.0.1:1235': 0, 'enode://3@127.0.0.1:1236': 0, 'enode://4@127.0.0.1:1237': -10, 'enode://5@127.0.0.1:1238': -1, 'enode://6@127.0.0.1:1239': -7, 'enode://7@127.0.0.1:1240': -6, 'enode://8@127.0.0.1:1241': 3, 'enode://9@127.0.0.1:1242': -9, 'enode://10@127.0.0.1:1243': 0, 'enode://11@127.0.0.1:1244': 0, 'enode://12@127.0.0.1:1245': -3, 'enode://13@127.0.0.1:1246': -8, 'enode://14@127.0.0.1:1247': 0, 'enode://15@127.0.0.1:1248': 0, 'enode://16@127.0.0.1:1249': -5, 'enode://17@127.0.0.1:1250': 0, 'enode://18@127.0.0.1:1251': 0, 'enode://19@127.0.0.1:1252': -2, 'enode://20@127.0.0.1:1253': -4}
13 1786820449.694 9978 None {'18': 72, '0': 0, '1': 78, '16': 477, '10': 416, '14': 104, '12': 858, '5': 413, '2': 35, '11': 373, '8': 741, '3': 76, '20': 441, '4': 329, '9': 723, '6': 1192, '7': 147, '17': 1579, '13': 1054, '15': 397, '19': 110} {'enode://1@127.0.0.1:1234': -10, 'enode://2@127.0.0.1:1235': 1, 'enode://3@127.0.0.1:1236': 1, 'enode://4@127.0.0.1:1237': -9, 'enode://5@127.0.0.1:1238': 0, 'enode://6@127.0.0.1:1239': -6, 'enode://7@127.0.0.1:1240': -5, 'enode://8@127.0.0.1:1241': 4, 'enode://9@127.0.0.1:1242': -8, 'enode://10@127.0.0.1:1243': 0, 'enode://11@127.0.0.1:1244': 0, 'enode://12@127.0.0.1:1245': -2, 'enode://13@127.0.0.1:1246': -7, 'enode://14@127.0.0.1:1247': 1, 'enode://15@127.0.0.1:1248': 0, 'enode://16@127.0.0.1:1249': -4, 'enode://17@127.0.0.1:1250': 1, 'enode://18@127.0.0.1:1251': 0, 'enode://19@127.0.0.1:1252': -1, 'enode://20@127.0.0.1:1253': -3}
13 1786820449.694 10049 None {'18': 72, '0': 0, '1': 386, '16': 477, '10': 416, '14': 104, '12': 858, '5': 413, '2': 35, '11': 373, '8': 741, '3': 76, '20': 441, '4': 329, '9': 723, '6': 1192, '7': 147, '17': 1579, '13': 1054, '15': 397, '19': 110} {'enode://1@127.0.0.1:1234': -9, 'enode://2@127.0.0.1:1235': -10, 'enode://3@127.0.0.1:1236': 0, 'enode://4@127.0.0.1:1237': -8, 'enode://5@127.0.0.1:1238': 0, 'enode://6@127.0.0.1:1239': -5, 'enode://7@127.0.0.1:1240': -4, 'enode://8@127.0.0.1:1241': 2, 'enode://9@127.0.0.1:1242': -7, 'enode://10@127.0.0.1:1243': 0, 'enode://11@127.0.0.1:1244': 2, 'enode://12@127.0.0.1:1245': -1, 'enode://13@127.0.0.1:1246': -6, 'enode://14@127.0.0.1:1247': 0, 'enode://15@127.0.0.1:1248': 0, 'enode://16@127.0.0.1:1249': -3, 'enode://17@127.0.0.1:1250': 0, 'enode://18@127.0.0.1:1251': 0, 'enode://19@127.0.0.1:1252': 0, 'enode://20@127.0.0.1:1253': -2}
13 1786820449.694 10109 None {'18': 72, '0': 0, '1': 386, '16': 477, '10': 416, '14': 104, '12': 858, '5': 413, '2': 105, '11': 373, '8': 741, '3': 76, '20': 441, '4': 329, '9': 723, '6': 1192, '7': 147, '17': 1579, '13': 1054, '15': 397, '19': 110} {'enode://1@127.0.0.1:1234': -8, 'enode://2@127.0.0.1:1235': -9, 'enode://3@127.0.0.1:1236': 0, 'enode://4@127.0.0.1:1237': -7, 'enode://5@127.0.0.1:1238': 0, 'enode://6@127.0.0.1:1239': -4, 'enode://7@127.0.0.1:1240': -3, 'enode://8@127.0.0.1:1241': 3, 'enode://9@127.0.0.1:1242': -6, 'enode://10@127.0.0.1:1243': 0, 'enode://11@127.0.0.1:1244': -10, 'enode://12@127.0.0.1:1245': 0, 'enode://13@127.0.0.1:1246': -5, 'enode://14@127.0.0.1:1247': 0, 'enode://15@127.0.0.1:1248': 0, 'enode://16@127.0.0.1:1249': -2, 'enode://17@127.0.0.1:1250': 0, 'enode://18@127.0.0.1:1251': 0, 'enode://19@127.0.0.1:1252': 0, 'enode://20@127.0.0.1:1253': -1}
13 1786820449.694 10139 None {'18': 72, '0': 0, '1': 386, '16': 477, '10': 416, '14': 104, '12': 858, '5': 413, '2': 105, '11': 432, '8': 741, '3': 76, '20': 441, '4': 329, '9': 723, '6': 1192, '7': 147, '17': 1579, '13': 1054, '15': 397, '19': 110} {'enode://1@127.0.0.1:1234': -7, 'enode://2@127.0.0.1:1235': -8, 'enode://3@127.0.0.1:1236': 0, 'enode://4@127.0.0.1:1237': -6, 'enode://5@127.0.0.1:1238': 0, 'enode://6@127.0.0.1:1239': -3, 'enode://7@127.0.0.1:1240': -2, 'enode://8@127.0.0.1:1241': -10, 'enode://9@127.0.0.1:1242': -5, 'enode://10@127.0.0.1:1243': 0, 'enode://11@127.0.0.1:1244': -9, 'enode://12@127.0.0.1:1245': 0, 'enode://13@127.0.0.1:1246': -4, 'enode://14@127.0.0.1:1247': 0, 'enode://15@127.0.0.1:1248': 0, 'enode://16@127.0.0.1:1249': -1, 'enode://17@127.0.0.1:1250': 0, 'enode://18@127.0.0.1:1251': 0, 'enode://19@127.0.0.1:1252': 0, 'enode://20@127.0.0.1:1253': 0}
13 1786820449.694 10165 None {'18': 72, '0': 0, '1': 386, '16': 477, '10': 416, '14': 104, '12': 858, '5': 413, '2': 105, '11': 432, '8': 770, '3': 76, '20': 441, '4': 329, '9': 723, '6': 1192, '7': 147, '17': 1579, '13': 1054, '15': 397, '19': 110} {'enode://1@127.0.0.1:1234': -6, 'enode://2@127.0.0.1:1235': -7, 'enode://3@127.0.0.1:1236': 0, 'enode://4@127.0.0.1:1237': -5, 'enode://5@127.0.0.1:1238': 0, 'enode://6@127.0.0.1:1239': -2, 'enode://7@127.0.0.1:1240': -1, 'enode://8@127.0.0.1:1241': -9, 'enode://9@127.0.0.1:1242': -4, 'enode://10@127.0.0.1:1243': 0, 'enode://11@127.0.0.1:1244': -8, 'enode://12@127.0.0.1:1245': 0, 'enode://13@127.0.0.1:1246': -3, 'enode://14@127.0.0.1:1247': 0, 'enode://15@127.0.0.1:1248': 0, 'enode://16@127.0.0.1:1249': 0, 'enode://17@127.0.0.1:1250': 0, 'enode://18@127.0.0.1:1251': 0, 'enode://19@127.0.0.1:1252': 0, 'enode://20@127.0.0.1:1253': -10}
13 1786820449.694 10473 None {'18': 72, '0': 0, '1': 386, '16': 477, '10': 416, '14': 104, '12': 858, '5': 413, '2': 105, '11': 432, '8': 770, '3': 76, '20': 466, '4': 329, '9': 723, '6': 1192, '7': 147, '17': 1579, '13': 1054, '15': 397, '19': 110} {'enode://1@127.0.0.1:1234': -5, 'enode://2@127.0.0.1:1235': -6, 'enode://3@127.0.0.1:1236': 4, 'enode://4@127.0.0.1:1237': -4, 'enode://5@127.0.0.1:1238': 1, 'enode://6@127.0.0.1:1239': -1, 'enode://7@127.0.0.1:1240': 0, 'enode://8@127.0.0.1:1241': -8, 'enode://9@127.0.0.1:1242': -3, 'enode://10@127.0.0.1:1243': 0, 'enode://11@127.0.0.1:1244': -7, 'enode://12@127.0.0.1:1245': 0, 'enode://13@127.0.0.1:1246': -2, 'enode://14@127.0.0.1:1247': -10, 'enode://15@127.0.0.1:1248': 0, 'enode://16@127.0.0.1:1249': 4, 'enode://17@127.0.0.1:1250': 0, 'enode://18@127.0.0.1:1251': 0, 'enode://19@127.0.0.1:1252': 0, 'enode://20@127.0.0.1:1253': -9}
13 1786820449.694 10493 None {'18': 72, '0': 0, '1': 386, '16': 477, '10': 416, '14': 411, '12': 858, '5': 413, '2': 105, '11': 432, '8': 770, '3': 76, '20': 466, '4': 329, '9': 723, '6': 1192, '7': 147, '17': 1579, '13': 1054, '15': 397, '19': 110} {'enode://1@127.0.0.1:1234': -4, 'enode://2@127.0.0.1:1235': -5, 'enode://3@127.0.0.1:1236': -10, 'enode://4@127.0.0.1:1237': -3, 'enode://5@127.0.0.1:1238': 1, 'enode://6@127.0.0.1:1239': 0, 'enode://7@127.0.0.1:1240': 0, 'enode://8@127.0.0.1:1241': -7, 'enode://9@127.0.0.1:1242': -2, 'enode://10@127.0.0.1:1243': 0, 'enode://11@127.0.0.1:1244': -6, 'enode://12@127.0.0.1:1245': 0, 'enode://13@127.0.0.1:1246': -1, 'enode://14@127.0.0.1:1247': -9, 'enode://15@127.0.0.1:1248': 0, 'enode://16@127.0.0.1:1249': 1, 'enode://17@127.0.0.1:1250': 0, 'enode://18@127.0.0.1:1251': 0, 'enode://19@127.0.0.1:1252': 0, 'enode://20@127.0.0.1:1253': -8}
13 1786820449.694 10982 None {'18': 72, '0': 0, '1': 386, '16': 477, '10': 416, '14': 411, '12': 858, '5': 413, '2': 105, '11': 432, '8': 770, '3': 95, '20': 466, '4': 329, '9': 723, '6': 1192, '7': 147, '17': 1579, '13': 1054, '15': 397, '19': 110} {'enode://1@127.0.0.1:1234': -3, 'enode://2@127.0.0.1:1235': -4, 'enode://3@127.0.0.1:1236': -9, 'enode://4@127.0.0.1:1237': -2, 'enode://5@127.0.0.1:1238': 0, 'enode://6@127.0.0.1:1239': 4, 'enode://7@127.0.0.1:1240': 0, 'enode://8@127.0.0.1:1241': -6, 'enode://9@127.0.0.1:1242': -1, 'enode://10@127.0.0.1:1243': 2, 'enode://11@127.0.0.1:1244': -5, 'enode://12@127.0.0.1:1245': 0, 'enode://13@127.0.0.1:1246': 0, 'enode://14@127.0.0.1:1247': -8, 'enode://15@127.0.0.1:1248': 0, 'enode://16@127.0.0.1:1249': 1, 'enode://17@127.0.0.1:1250': 2, 'enode://18@127.0.0.1:1251': 1, 'enode://19@127.0.0.1:1252': -10, 'enode://20@127.0.0.1:1253': -7}
13 1786820449.694 11014 None {'18': 72, '0': 0, '1': 386, '16': 477, '10': 416, '14': 411, '12': 858, '5': 413, '2': 105, '11': 432, '8': 770, '3': 95, '20': 466, '4': 329, '9': 723, '6': 1192, '7': 147, '17': 1579, '13': 1054, '15': 397, '19': 598} {'enode://1@127.0.0.1:1234': -2, 'enode://2@127.0.0.1:1235': -3, 'enode://3@127.0.0.1:1236': -8, 'enode://4@127.0.0.1:1237': -1, 'enode://5@127.0.0.1:1238': 0, 'enode://6@127.0.0.1:1239': 2, 'enode://7@127.0.0.1:1240': 0, 'enode://8@127.0.0.1:1241': -5, 'enode://9@127.0.0.1:1242': 0, 'enode://10@127.0.0.1:1243': -10, 'enode://11@127.0.0.1:1244': -4, 'enode://12@127.0.0.1:1245': 0, 'enode://13@127.0.0.1:1246': 4, 'enode://14@127.0.0.1:1247': -7, 'enode://15@127.0.0.1:1248': 0, 'enode://16@127.0.0.1:1249': 0, 'enode://17@127.0.0.1:1250': 2, 'enode://18@127.0.0.1:1251': 0, 'enode://19@127.0.0.1:1252': -9, 'enode://20@127.0.0.1:1253': -6}
13 1786820449.695 11066 None {'18': 72, '0': 0, '1': 386, '16': 477, '10': 447, '14': 411, '12': 858, '5': 413, '2': 105, '11': 432, '8': 770, '3': 95, '20': 466, '4': 329, '9': 723, '6': 1192, '7': 147, '17': 1579, '13': 1054, '15': 397, '19': 598} {'enode://1@127.0.0.1:1234': -1, 'enode://2@127.0.0.1:1235': -2, 'enode://3@127.0.0.1:1236': -7, 'enode://4@127.0.0.1:1237': 0, 'enode://5@127.0.0.1:1238': 0, 'enode://6@127.0.0.1:1239': 0, 'enode://7@127.0.0.1:1240': 0, 'enode://8@127.0.0.1:1241': -4, 'enode://9@127.0.0.1:1242': 3, 'enode://10@127.0.0.1:1243': -9, 'enode://11@127.0.0.1:1244': -3, 'enode://12@127.0.0.1:1245': 0, 'enode://13@127.0.0.1:1246': -10, 'enode://14@127.0.0.1:1247': -6, 'enode://15@127.0.0.1:1248': 0, 'enode://16@127.0.0.1:1249': 0, 'enode://17@127.0.0.1:1250': 0, 'enode://18@127.0.0.1:1251': 0, 'enode://19@127.0.0.1:1252': -8, 'enode://20@127.0.0.1:1253': -5}
13 1786820449.695 11119 None {'18': 72, '0': 0, '1': 386, '16': 477, '10': 447, '14': 411, '12': 858, '5': 413, '2': 105, '11': 432, '8': 770, '3': 95, '20': 466, '4': 329, '9': 723, '6': 1192, '7': 147, '17': 1579, '13': 1105, '15': 397, '19': 598} {'enode://1@127.0.0.1:1234': 0, 'enode://2@127.0.0.1:1235': -1, 'enode://3@127.0.0.1:1236': -6, 'enode://4@127.0.0.1:1237': 0, 'enode://5@127.0.0.1:1238': 0, 'enode://6@127.0.0.1:1239': 0, 'enode://7@127.0.0.1:1240': 0, 'enode://8@127.0.0.1:1241': -3, 'enode://9@127.0.0.1:1242': -10, 'enode://10@127.0.0.1:1243': -8, 'enode://11@127.0.0.1:1244': -2, 'enode://12@127.0.0.1:1245': 0, 'enode://13@127.0.0.1:1246': -9, 'enode://14@127.0.0.1:1247': -5, 'enode://15@127.0.0.1:1248': 0, 'enode://16@127.0.0.1:1249': 0, 'enode://17@127.0.0.1:1250': 0, 'enode://18@127.0.0.1:1251': 0, 'enode://19@127.0.0.1:1252': -7, 'enode://20@127.0.0.1:1253': -4}
13 1786820449.695 11688 None {'18': 72, '0': 0, '1': 386, '16': 477, '10': 447, '14': 411, '12': 858, '5': 413, '2': 105, '11': 432, '8': 770, '3': 95, '20': 466, '4': 329, '9': 775, '6': 1192, '7': 147, '17': 1579, '13': 1105, '15': 397, '19': 598} {'enode://1@127.0.0.1:1234': -10, 'enode://2@127.0.0.1:1235': 0, 'enode://3@127.0.0.1:1236': -5, 'enode://4@127.0.0.1:1237': 0, 'enode://5@127.0.0.1:1238': 0, 'enode://6@127.0.0.1:1239': 0, 'enode://7@127.0.0.1:1240': 0, 'enode://8@127.0.0.1:1241': -2, 'enode://9@127.0.0.1:1242': -9, 'enode://10@127.0.0.1:1243': -7, 'enode://11@127.0.0.1:1244': -1, 'enode://12@127.0.0.1:1245': 0, 'enode://13@127.0.0.1:1246': -8, 'enode://14@127.0.0.1:1247': -4, 'enode://15@127.0.0.1:1248': 0, 'enode://16@127.0.0.1:1249': 0, 'enode://17@127.0.0.1:1250': 0, 'enode://18@127.0.0.1:1251': 1, 'enode://19@127.0.0.1:1252': -6, 'enode://20@127.0.0.1:1253': -3}
13 1786820449.695 11707 None {'18': 72, '0': 0, '1': 954, '16': 477, '10': 447, '14': 411, '12': 858, '5': 413, '2': 105, '11': 432, '8': 770, '3': 95, '20': 466, '4': 329, '9': 775, '6': 1192, '7': 147, '17': 1579, '13': 1105, '15': 397, '19': 598} {'enode://1@127.0.0.1:1234': -9, 'enode://2@127.0.0.1:1235': -10, 'enode://3@127.0.0.1:1236': -4, 'enode://4@127.0.0.1:1237': 0, 'enode://5@127.0.0.1:1238': 0, 'enode://6@127.0.0.1:1239': 0, 'enode://7@127.0.0.1:1240': 0, 'enode://8@127.0.0.1:1241': -1, 'enode://9@127.0.0.1:1242': -8, 'enode://10@127.0.0.1:1243': -6, 'enode://11@127.0.0.1:1244': 0, 'enode://12@127.0.0.1:1245': 0, 'enode://13@127.0.0.1:1246': -7, 'enode://14@127.0.0.1:1247': -3, 'enode://15@127.0.0.1:1248': 0, 'enode://16@127.0.0.1:1249': 0, 'enode://17@127.0.0.1:1250': 0, 'enode://18@127.0.0.1:1251': 3, 'enode://19@127.0.0.1:1252': -5, 'enode://20@127.0.0.1:1253': -2}
