ID TIME HEIGHT MINER BLOCK TIMESTAMP TELAPSED RECEPTION SIZE_KB TXS DIFF TDIFF HASH PHASH
7 1787138236.0 0 ['enode://1@127.0.0.1:1234', 'enode://2@127.0.0.1:1235', 'enode://3@127.0.0.1:1236', 'enode://4@127.0.0.1:1237', 'enode://5@127.0.0.1:1238', 'enode://6@127.0.0.1:1239', 'enode://7@127.0.0.1:1240', 'enode://8@127.0.0.1:1241', 'enode://9@127.0.0.1:1242', 'enode://10@127.0.0.1:1243', 'enode://11@127.0.0.1:1244', 'enode://12@127.0.0.1:1245', 'enode://13@127.0.0.1:1246', 'enode://14@127.0.0.1:1247', 'enode://15@127.0.0.1:1248'] 0 0 0 0 0.046875 0 0 0 8f0ad5e5bcb977f74cf86454e90210cc65908d42a4badae91c4869cac69ad08e 0
7 1787138236.0 1 enode://1@127.0.0.1:1234 1 10 54 64 0.046875 0 2 2 fbd8649f250a5266a13d24e11408a9fd1a2b4bc2786dec6e006cf8cb3ca1bf07 8f0ad5e5bcb977f74cf86454e90210cc65908d42a4badae91c4869cac69ad08e
7 1787138236.0 2 enode://2@127.0.0.1:1235 2 43 21 64 0.046875 0 2 4 bb9a74cc0321edb9e47fd0aec66ac415f632a82202f60452d561057f9fa8ff8d fbd8649f250a5266a13d24e11408a9fd1a2b4bc2786dec6e006cf8cb3ca1bf07
7 1787138236.0 3 enode://3@127.0.0.1:1236 3 53 116 169 0.046875 0 2 6 eab6827533379a42715d426a6f25f43f0e271b64bdcacf9ee54b0974beea8c8c bb9a74cc0321edb9e47fd0aec66ac415f632a82202f60452d561057f9fa8ff8d
7 1787138236.0 4 enode://4@127.0.0.1:1237 4 169 0 169 0.046875 0 2 8 7a21c9fbc315423eaa22848e13749c2e285c6b8852673f1dc7e13898adc704d6 eab6827533379a42715d426a6f25f43f0e271b64bdcacf9ee54b0974beea8c8c
7 1787138236.0 5 enode://5@127.0.0.1:1238 5 211 63 274 0.046875 0 2 10 ee2db1cdc3bf8c57122214aff2e683902503ef11917c82af9a82327d97b5a164 7a21c9fbc315423eaa22848e13749c2e285c6b8852673f1dc7e13898adc704d6
7 1787138236.001 6 enode://6@127.0.0.1:1239 6 221 95 316 0.046875 0 2 12 6affe874372db6506de7606767017ccd24652c431e928c64c3fdf04256f9dfb5 ee2db1cdc3bf8c57122214aff2e683902503ef11917c82af9a82327d97b5a164
7 1787138236.001 7 enode://9@127.0.0.1:1242 7 281 35 316 0.046875 0 1 13 0be69e3e95f0c331e84e4708a640ab72445b10fff44cc18ee2752b93f70a7e8c 6affe874372db6506de7606767017ccd24652c431e928c64c3fdf04256f9dfb5
7 1787138236.001 8 enode://8@127.0.0.1:1241 8 295 21 316 0.046875 0 2 15 d65dd4368800700d8b893c1d23f6785018cc7bcdcf46f4c68442b91adb3268c0 0be69e3e95f0c331e84e4708a640ab72445b10fff44cc18ee2752b93f70a7e8c
7 1787138236.001 9 enode://10@127.0.0.1:1243 9 330 91 421 0.046875 0 1 16 c62bb721de74704358dfbc71be86ed98ad26771a6b35f91f8df104df5750a409 d65dd4368800700d8b893c1d23f6785018cc7bcdcf46f4c68442b91adb3268c0
7 1787138236.001 10 enode://15@127.0.0.1:1248 10 465 40 505 0.046875 0 1 17 5a95fe5ecee8f253a0e7cd486982361ae31559639d526f7cda5848ae839b5086 c62bb721de74704358dfbc71be86ed98ad26771a6b35f91f8df104df5750a409
7 1787138236.001 11 enode://11@127.0.0.1:1244 11 547 63 610 0.046875 0 2 19 bc8fa6207dd6e7af7e5e8714accc9b985fa08d481f58f53cf3c5d1a8a86d5163 5a95fe5ecee8f253a0e7cd486982361ae31559639d526f7cda5848ae839b5086
7 1787138236.001 12 enode://14@127.0.0.1:1247 12 607 24 631 0.046875 0 1 20 07493ce02e7fcd61905d3e9bd9a456024507e685e0f1aa09678a206510950331 bc8fa6207dd6e7af7e5e8714accc9b985fa08d481f58f53cf3c5d1a8a86d5163
7 1787138236.001 13 enode://13@127.0.0.1:1246 13 673 21 694 0.046875 0 2 22 e3f93604f946e2225bfb0c4069edd2bbb1b7a8604de7d74313a8ac3aa5996672 07493ce02e7fcd61905d3e9bd9a456024507e685e0f1aa09678a206510950331
7 1787138236.001 14 enode://1@127.0.0.1:1234 14 733 45 778 0.046875 0 1 23 ca555790655030f2d804a6a11c6b0d0146d39dd6b4edc9307a1999906880a6e1 e3f93604f946e2225bfb0c4069edd2bbb1b7a8604de7d74313a8ac3aa5996672
7 1787138236.001 15 enode://2@127.0.0.1:1235 15 793 111 904 0.046875 0 1 24 c1eed74271712718744bd0087212553ac114d3b2a0594113ea91ec37369b783d ca555790655030f2d804a6a11c6b0d0146d39dd6b4edc9307a1999906880a6e1
7 1787138236.001 16 enode://5@127.0.0.1:1238 16 903 1 904 0.046875 0 1 25 d6c29f170b985c84bbad570058036e358cb91183f6b022ec18c7794c3a6cc92c c1eed74271712718744bd0087212553ac114d3b2a0594113ea91ec37369b783d
7 1787138236.001 17 enode://3@127.0.0.1:1236 17 946 0 946 0.046875 0 1 26 3339b557c7f28e4e3a447d29357f2ae79974eca94f5610ca1071bd2120d98c7f d6c29f170b985c84bbad570058036e358cb91183f6b022ec18c7794c3a6cc92c
7 1787138236.001 18 enode://4@127.0.0.1:1237 18 1009 357 1366 0.046875 0 1 27 3ff51b723fdcda23e7267e3f80d748eccfa4a2edaf657c1892e1ddc62b231ec4 3339b557c7f28e4e3a447d29357f2ae79974eca94f5610ca1071bd2120d98c7f
7 1787138236.001 19 enode://6@127.0.0.1:1239 19 1069 297 1366 0.046875 0 1 28 08070a094603fe81553f68c763d6e4905973dbfcfff9a530fdb614e4cbd5fcac 3ff51b723fdcda23e7267e3f80d748eccfa4a2edaf657c1892e1ddc62b231ec4
7 1787138236.001 20 enode://10@127.0.0.1:1243 20 1204 162 1366 0.046875 0 1 29 848f31461adbf9cb2cdae7b570628d561cc23f70237858956bc917659ea592a1 08070a094603fe81553f68c763d6e4905973dbfcfff9a530fdb614e4cbd5fcac
7 1787138236.001 21 enode://9@127.0.0.1:1242 21 1303 147 1450 0.046875 0 1 30 eb0f1bb9712362ee7e8981297a66d5dd2252e109499bceb479f598ab4fd1d571 848f31461adbf9cb2cdae7b570628d561cc23f70237858956bc917659ea592a1
7 1787138236.001 22 enode://8@127.0.0.1:1241 22 1387 63 1450 0.046875 0 1 31 aae230ba2b8f17316b725fd8bb0480ac9ccd0075c15555627ec18a84f6f04434 eb0f1bb9712362ee7e8981297a66d5dd2252e109499bceb479f598ab4fd1d571
7 1787138236.001 23 enode://11@127.0.0.1:1244 23 1472 104 1576 0.046875 0 1 32 e4352acae03d596aa39ae8ae1be7ded6111cbed32b3f1b8f1ca322ad12193c25 aae230ba2b8f17316b725fd8bb0480ac9ccd0075c15555627ec18a84f6f04434
7 1787138236.001 24 enode://14@127.0.0.1:1247 24 1607 11 1618 0.046875 0 1 33 9a8bb7e31c54a0bc88ba347fc43693c92ee87248dd6ea03ebe5a515f6d5d9a96 e4352acae03d596aa39ae8ae1be7ded6111cbed32b3f1b8f1ca322ad12193c25
7 1787138236.001 25 enode://3@127.0.0.1:1236 25 1817 32 1849 0.046875 0 1 34 b68d507153801495b8b616abfdf55959517b496596c3dac1a0f3268670c5a3bc 9a8bb7e31c54a0bc88ba347fc43693c92ee87248dd6ea03ebe5a515f6d5d9a96
7 1787138236.002 26 enode://15@127.0.0.1:1248 26 1954 42 1996 0.046875 0 1 35 873a16ff78bc4985c391c28a2f5a461246a74b95f9583b4b0cd8963ca9295be5 b68d507153801495b8b616abfdf55959517b496596c3dac1a0f3268670c5a3bc
7 1787138236.002 27 enode://12@127.0.0.1:1245 27 1996 315 2311 0.046875 0 2 37 f645807546c4793c13a6f937c0ba40de486ea5f9a18432213f4fea717cae6566 873a16ff78bc4985c391c28a2f5a461246a74b95f9583b4b0cd8963ca9295be5
7 1787138236.002 28 enode://13@127.0.0.1:1246 28 2017 294 2311 0.046875 0 2 39 b78d656cc4b42f14a78760f8fb9c4785f9932fea4e27f3166a9e98a37ca5e0c8 f645807546c4793c13a6f937c0ba40de486ea5f9a18432213f4fea717cae6566
7 1787138236.002 29 enode://1@127.0.0.1:1234 29 2101 210 2311 0.046875 0 1 40 06d0feae4cea9e238a4fe1cba6ed98e98a23cd88314b09a3942d6edee7272afc b78d656cc4b42f14a78760f8fb9c4785f9932fea4e27f3166a9e98a37ca5e0c8
7 1787138236.002 30 enode://2@127.0.0.1:1235 30 2161 150 2311 0.046875 0 1 41 cbdf345279fecc81e1c29d27f96e85018a81b69a98190cadf13086103e7010e8 06d0feae4cea9e238a4fe1cba6ed98e98a23cd88314b09a3942d6edee7272afc
7 1787138236.002 31 enode://4@127.0.0.1:1237 31 2246 65 2311 0.046875 0 1 42 c05221ba1a6f2ba138dd4bbb397da969ba516eb3b1dc125baeb48252360a6ef9 cbdf345279fecc81e1c29d27f96e85018a81b69a98190cadf13086103e7010e8
7 1787138236.002 32 enode://7@127.0.0.1:1240 32 2381 0 2381 0.046875 0 1 43 52bba8bcf206cd802f4105d96460c6fa8f350f5ddf65127e1a85cfd8916bac57 c05221ba1a6f2ba138dd4bbb397da969ba516eb3b1dc125baeb48252360a6ef9
7 1787138236.002 33 enode://3@127.0.0.1:1236 33 2395 0 2395 0.046875 0 2 45 c75a6ddac6d07b6887be43723d9504a2677dcdb5b3420354c987317f891f5a6f 52bba8bcf206cd802f4105d96460c6fa8f350f5ddf65127e1a85cfd8916bac57
7 1787138236.002 34 enode://10@127.0.0.1:1243 34 2563 210 2773 0.046875 0 1 46 ae8e0dfaa11c36a039d916e83243414109f3a94a3ef8de6133f6a2702f6e2a5b c75a6ddac6d07b6887be43723d9504a2677dcdb5b3420354c987317f891f5a6f
7 1787138236.002 35 enode://5@127.0.0.1:1238 35 2626 147 2773 0.046875 0 2 48 399061e6334442265639a372c4e476231aa1f924c97c5f45b9ecb3e7fe8428f3 ae8e0dfaa11c36a039d916e83243414109f3a94a3ef8de6133f6a2702f6e2a5b
7 1787138236.002 36 enode://9@127.0.0.1:1242 36 2731 42 2773 0.046875 0 1 49 09114498bb28bd553b720448841291db8041d6d3e91527f77fd8e778969dc4fc 399061e6334442265639a372c4e476231aa1f924c97c5f45b9ecb3e7fe8428f3
7 1787138236.002 37 enode://12@127.0.0.1:1245 37 2866 33 2899 0.046875 0 1 50 54bf60c25be5c201a8ee3f15093580e30f03cf90b11ba5e9fa615789d89b9305 09114498bb28bd553b720448841291db8041d6d3e91527f77fd8e778969dc4fc
7 1787138236.002 38 enode://11@127.0.0.1:1244 38 2951 95 3046 0.046875 0 1 51 a8ae4466e900ad9505158c42d5bb94ed2cb4ac404ae5d268c27b83d2c76b3f4c 54bf60c25be5c201a8ee3f15093580e30f03cf90b11ba5e9fa615789d89b9305
7 1787138236.002 39 enode://2@127.0.0.1:1235 39 3161 242 3403 0.046875 0 1 52 c1d5f384be187d9f280ee0df13aac2cfefaeb064363fcfc849579417a510993c a8ae4466e900ad9505158c42d5bb94ed2cb4ac404ae5d268c27b83d2c76b3f4c
7 1787138236.002 40 enode://13@127.0.0.1:1246 40 3246 157 3403 0.046875 0 1 53 5e940254be3ee692ac825b971e59de230ba406f63c8664e96e4d3f88c60e5995 c1d5f384be187d9f280ee0df13aac2cfefaeb064363fcfc849579417a510993c
7 1787138236.002 41 enode://14@127.0.0.1:1247 41 3340 63 3403 0.046875 0 1 54 282e9f1cf7d4a5302bc10f532681c0cc3678677c78280b8b9f5b160091e4f56a 5e940254be3ee692ac825b971e59de230ba406f63c8664e96e4d3f88c60e5995
7 1787138236.002 42 enode://1@127.0.0.1:1234 42 3450 226 3676 0.046875 0 1 55 e847853fbeefdb3fb14f6f29b4e3bfac076ddbe7ac78c6a4e1b8e02117ccfa20 282e9f1cf7d4a5302bc10f532681c0cc3678677c78280b8b9f5b160091e4f56a
7 1787138236.002 43 enode://15@127.0.0.1:1248 43 3510 166 3676 0.046875 0 1 56 c1cc0d1a8e8fddb1a251336fd089523a46e3e255c01c5e5807f8fe3434d42c10 e847853fbeefdb3fb14f6f29b4e3bfac076ddbe7ac78c6a4e1b8e02117ccfa20
7 1787138236.002 44 enode://5@127.0.0.1:1238 44 3676 0 3676 0.046875 0 1 57 97db6c94349438c9a5d8c71fc6762db8a930a90a3300987a587bc17b764c876c c1cc0d1a8e8fddb1a251336fd089523a46e3e255c01c5e5807f8fe3434d42c10
7 1787138236.003 45 enode://3@127.0.0.1:1236 45 3761 62 3823 0.046875 0 1 58 ba1fcb13349c0c4f263472dc9b154e8918221eb1d33655872381db027f0267c7 97db6c94349438c9a5d8c71fc6762db8a930a90a3300987a587bc17b764c876c
7 1787138236.003 46 enode://6@127.0.0.1:1239 46 3896 11 3907 0.046875 0 1 59 dc45f2c8c1afba360de36d29b0b613c3ea1a2b920611ed6448d487d5f0eb86b6 ba1fcb13349c0c4f263472dc9b154e8918221eb1d33655872381db027f0267c7
