ID TIME n private balances connectivity
8 1786626531.089 0 {} {} {'enode://1@127.0.0.1:1234': 0, 'enode://2@127.0.0.1:1235': 0, 'enode://3@127.0.0.1:1236': 0, 'enode://4@127.0.0.1:1237': 0, 'enode://5@127.0.0.1:1238': 0, 'enode://6@127.0.0.1:1239': 0, 'enode://7@127.0.0.1:1240': 0, 'enode://8@127.0.0.1:1241': 0, 'enode://9@127.0.0.1:1242': 0, 'enode://10@127.0.0.1:1243': 0, 'enode://11@127.0.0.1:1244': 0, 'enode://12@127.0.0.1:1245': 0, 'enode://13@127.0.0.1:1246': 0, 'enode://14@127.0.0.1:1247': 0, 'enode://15@127.0.0.1:1248': 0, 'enode://16@127.0.0.1:1249': 0, 'enode://17@127.0.0.1:1250': 0, 'enode://18@127.0.0.1:1251': 0, 'enode://19@127.0.0.1:1252': 0, 'enode://20@127.0.0.1:1253': 0}
8 1786626531.089 1 None {'18': 0, '0': 0} {'enode://1@127.0.0.1:1234': 0, 'enode://2@127.0.0.1:1235': 0, 'enode://3@127.0.0.1:1236': 0, 'enode://4@127.0.0.1:1237': 0, 'enode://5@127.0.0.1:1238': 0, 'enode://6@127.0.0.1:1239': 0, 'enode://7@127.0.0.1:1240': 0, 'enode://8@127.0.0.1:1241': 0, 'enode://9@127.0.0.1:1242': 0, 'enode://10@127.0.0.1:1243': 0, 'enode://11@127.0.0.1:1244': 0, 'enode://12@127.0.0.1:1245': 0, 'enode://13@127.0.0.1:1246': 0, 'enode://14@127.0.0.1:1247': 0, 'enode://15@127.0.0.1:1248': 0, 'enode://16@127.0.0.1:1249': 0, 'enode://17@127.0.0.1:1250': 0, 'enode://18@127.0.0.1:1251': -10, 'enode://19@127.0.0.1:1252': 0, 'enode://20@127.0.0.1:1253': 0}
8 1786626531.089 65 None {'18': 1, '0': 0, '1': 0, '2': 0, '7': 0, '16': 0} {'enode://1@127.0.0.1:1234': -10, 'enode://2@127.0.0.1:1235': 4, 'enode://3@127.0.0.1:1236': 0, 'enode://4@127.0.0.1:1237': 0, 'enode://5@127.0.0.1:1238': 0, 'enode://6@127.0.0.1:1239': 0, 'enode://7@127.0.0.1:1240': 4, 'enode://8@127.0.0.1:1241': 0, 'enode://9@127.0.0.1:1242': 0, 'enode://10@127.0.0.1:1243': 0, 'enode://11@127.0.0.1:1244': 0, 'enode://12@127.0.0.1:1245': 0, 'enode://13@127.0.0.1:1246': 0, 'enode://14@127.0.0.1:1247': 0, 'enode://15@127.0.0.1:1248': 0, 'enode://16@127.0.0.1:1249': 4, 'enode://17@127.0.0.1:1250': 0, 'enode://18@127.0.0.1:1251': -9, 'enode://19@127.0.0.1:1252': 0, 'enode://20@127.0.0.1:1253': 0}
8 1786626531.089 240 None {'18': 1, '0': 0, '1': 63, '2': 0, '7': 0, '16': 0, '13': 0, '20': 0, '19': 0, '8': 0, '5': 0, '10': 0, '9': 0, '12': 0, '15': 0, '17': 0, '14': 0, '6': 0, '4': 0, '3': 0} {'enode://1@127.0.0.1:1234': -9, 'enode://2@127.0.0.1:1235': 9, 'enode://3@127.0.0.1:1236': 7, 'enode://4@127.0.0.1:1237': 4, 'enode://5@127.0.0.1:1238': 12, 'enode://6@127.0.0.1:1239': 4, 'enode://7@127.0.0.1:1240': 7, 'enode://8@127.0.0.1:1241': 3, 'enode://9@127.0.0.1:1242': 6, 'enode://10@127.0.0.1:1243': 3, 'enode://11@127.0.0.1:1244': 0, 'enode://12@127.0.0.1:1245': 1, 'enode://13@127.0.0.1:1246': 8, 'enode://14@127.0.0.1:1247': 8, 'enode://15@127.0.0.1:1248': 3, 'enode://16@127.0.0.1:1249': -10, 'enode://17@127.0.0.1:1250': 6, 'enode://18@127.0.0.1:1251': -8, 'enode://19@127.0.0.1:1252': 9, 'enode://20@127.0.0.1:1253': 11}
8 1786626531.089 411 None {'18': 1, '0': 0, '1': 63, '2': 0, '7': 0, '16': 174, '13': 0, '20': 0, '19': 0, '8': 0, '5': 0, '10': 0, '9': 0, '12': 0, '15': 0, '17': 0, '14': 0, '6': 0, '4': 0, '3': 0} {'enode://1@127.0.0.1:1234': -8, 'enode://2@127.0.0.1:1235': 12, 'enode://3@127.0.0.1:1236': 8, 'enode://4@127.0.0.1:1237': 4, 'enode://5@127.0.0.1:1238': -10, 'enode://6@127.0.0.1:1239': 6, 'enode://7@127.0.0.1:1240': 7, 'enode://8@127.0.0.1:1241': 3, 'enode://9@127.0.0.1:1242': 6, 'enode://10@127.0.0.1:1243': 4, 'enode://11@127.0.0.1:1244': 0, 'enode://12@127.0.0.1:1245': 1, 'enode://13@127.0.0.1:1246': 8, 'enode://14@127.0.0.1:1247': 10, 'enode://15@127.0.0.1:1248': 3, 'enode://16@127.0.0.1:1249': -9, 'enode://17@127.0.0.1:1250': 8, 'enode://18@127.0.0.1:1251': -7, 'enode://19@127.0.0.1:1252': 11, 'enode://20@127.0.0.1:1253': 11}
8 1786626531.089 565 None {'18': 1, '0': 0, '1': 63, '2': 0, '7': 0, '16': 174, '13': 0, '20': 0, '19': 0, '8': 0, '5': 170, '10': 0, '9': 0, '12': 0, '15': 0, '17': 0, '14': 0, '6': 0, '4': 0, '3': 0, '11': 0} {'enode://1@127.0.0.1:1234': -7, 'enode://2@127.0.0.1:1235': -10, 'enode://3@127.0.0.1:1236': 10, 'enode://4@127.0.0.1:1237': 6, 'enode://5@127.0.0.1:1238': -9, 'enode://6@127.0.0.1:1239': 6, 'enode://7@127.0.0.1:1240': 7, 'enode://8@127.0.0.1:1241': 3, 'enode://9@127.0.0.1:1242': 8, 'enode://10@127.0.0.1:1243': 5, 'enode://11@127.0.0.1:1244': 1, 'enode://12@127.0.0.1:1245': 3, 'enode://13@127.0.0.1:1246': 10, 'enode://14@127.0.0.1:1247': 10, 'enode://15@127.0.0.1:1248': 4, 'enode://16@127.0.0.1:1249': -8, 'enode://17@127.0.0.1:1250': 9, 'enode://18@127.0.0.1:1251': -6, 'enode://19@127.0.0.1:1252': 12, 'enode://20@127.0.0.1:1253': 11}
8 1786626531.089 690 None {'18': 1, '0': 0, '1': 63, '2': 153, '7': 0, '16': 174, '13': 0, '20': 0, '19': 0, '8': 0, '5': 170, '10': 0, '9': 0, '12': 0, '15': 0, '17': 0, '14': 0, '6': 0, '4': 0, '3': 0, '11': 0} {'enode://1@127.0.0.1:1234': -6, 'enode://2@127.0.0.1:1235': -9, 'enode://3@127.0.0.1:1236': 10, 'enode://4@127.0.0.1:1237': 7, 'enode://5@127.0.0.1:1238': -8, 'enode://6@127.0.0.1:1239': 6, 'enode://7@127.0.0.1:1240': 9, 'enode://8@127.0.0.1:1241': 2, 'enode://9@127.0.0.1:1242': 8, 'enode://10@127.0.0.1:1243': 5, 'enode://11@127.0.0.1:1244': 2, 'enode://12@127.0.0.1:1245': 5, 'enode://13@127.0.0.1:1246': 8, 'enode://14@127.0.0.1:1247': 9, 'enode://15@127.0.0.1:1248': 5, 'enode://16@127.0.0.1:1249': -7, 'enode://17@127.0.0.1:1250': 9, 'enode://18@127.0.0.1:1251': -5, 'enode://19@127.0.0.1:1252': -10, 'enode://20@127.0.0.1:1253': 12}
8 1786626531.089 763 None {'18': 1, '0': 0, '1': 63, '2': 153, '7': 0, '16': 174, '13': 0, '20': 0, '19': 124, '8': 0, '5': 170, '10': 0, '9': 0, '12': 0, '15': 0, '17': 0, '14': 0, '6': 0, '4': 0, '3': 0, '11': 0} {'enode://1@127.0.0.1:1234': -5, 'enode://2@127.0.0.1:1235': -8, 'enode://3@127.0.0.1:1236': 10, 'enode://4@127.0.0.1:1237': 7, 'enode://5@127.0.0.1:1238': -7, 'enode://6@127.0.0.1:1239': 6, 'enode://7@127.0.0.1:1240': 9, 'enode://8@127.0.0.1:1241': 1, 'enode://9@127.0.0.1:1242': 8, 'enode://10@127.0.0.1:1243': 4, 'enode://11@127.0.0.1:1244': 3, 'enode://12@127.0.0.1:1245': 7, 'enode://13@127.0.0.1:1246': 8, 'enode://14@127.0.0.1:1247': 8, 'enode://15@127.0.0.1:1248': 5, 'enode://16@127.0.0.1:1249': -6, 'enode://17@127.0.0.1:1250': 8, 'enode://18@127.0.0.1:1251': -4, 'enode://19@127.0.0.1:1252': -9, 'enode://20@127.0.0.1:1253': -10}
8 1786626531.089 948 None {'18': 1, '0': 0, '1': 63, '2': 153, '7': 0, '16': 174, '13': 0, '20': 72, '19': 124, '8': 0, '5': 170, '10': 0, '9': 0, '12': 0, '15': 0, '17': 0, '14': 0, '6': 0, '4': 0, '3': 0, '11': 0} {'enode://1@127.0.0.1:1234': -4, 'enode://2@127.0.0.1:1235': -7, 'enode://3@127.0.0.1:1236': -10, 'enode://4@127.0.0.1:1237': 6, 'enode://5@127.0.0.1:1238': -6, 'enode://6@127.0.0.1:1239': 7, 'enode://7@127.0.0.1:1240': 9, 'enode://8@127.0.0.1:1241': 2, 'enode://9@127.0.0.1:1242': 6, 'enode://10@127.0.0.1:1243': 5, 'enode://11@127.0.0.1:1244': 3, 'enode://12@127.0.0.1:1245': 7, 'enode://13@127.0.0.1:1246': 7, 'enode://14@127.0.0.1:1247': 9, 'enode://15@127.0.0.1:1248': 5, 'enode://16@127.0.0.1:1249': -5, 'enode://17@127.0.0.1:1250': 9, 'enode://18@127.0.0.1:1251': -3, 'enode://19@127.0.0.1:1252': -8, 'enode://20@127.0.0.1:1253': -9}
8 1786626531.09 956 None {'18': 1, '0': 0, '1': 63, '2': 153, '7': 0, '16': 174, '13': 0, '20': 72, '19': 124, '8': 0, '5': 170, '10': 0, '9': 0, '12': 0, '15': 0, '17': 0, '14': 0, '6': 0, '4': 0, '3': 184, '11': 0} {'enode://1@127.0.0.1:1234': -3, 'enode://2@127.0.0.1:1235': -6, 'enode://3@127.0.0.1:1236': -9, 'enode://4@127.0.0.1:1237': 5, 'enode://5@127.0.0.1:1238': -5, 'enode://6@127.0.0.1:1239': 6, 'enode://7@127.0.0.1:1240': 6, 'enode://8@127.0.0.1:1241': 2, 'enode://9@127.0.0.1:1242': 4, 'enode://10@127.0.0.1:1243': 4, 'enode://11@127.0.0.1:1244': 3, 'enode://12@127.0.0.1:1245': 7, 'enode://13@127.0.0.1:1246': 6, 'enode://14@127.0.0.1:1247': -10, 'enode://15@127.0.0.1:1248': 4, 'enode://16@127.0.0.1:1249': -4, 'enode://17@127.0.0.1:1250': 9, 'enode://18@127.0.0.1:1251': -2, 'enode://19@127.0.0.1:1252': -7, 'enode://20@127.0.0.1:1253': -8}
8 1786626531.09 1248 None {'18': 1, '0': 0, '1': 63, '2': 153, '7': 0, '16': 174, '13': 0, '20': 72, '19': 124, '8': 0, '5': 170, '10': 0, '9': 0, '12': 0, '15': 0, '17': 0, '14': 7, '6': 0, '4': 0, '3': 184, '11': 0} {'enode://1@127.0.0.1:1234': -2, 'enode://2@127.0.0.1:1235': -5, 'enode://3@127.0.0.1:1236': -8, 'enode://4@127.0.0.1:1237': 4, 'enode://5@127.0.0.1:1238': -4, 'enode://6@127.0.0.1:1239': 6, 'enode://7@127.0.0.1:1240': 8, 'enode://8@127.0.0.1:1241': 3, 'enode://9@127.0.0.1:1242': 4, 'enode://10@127.0.0.1:1243': 8, 'enode://11@127.0.0.1:1244': 5, 'enode://12@127.0.0.1:1245': -10, 'enode://13@127.0.0.1:1246': 6, 'enode://14@127.0.0.1:1247': -9, 'enode://15@127.0.0.1:1248': 2, 'enode://16@127.0.0.1:1249': -3, 'enode://17@127.0.0.1:1250': 7, 'enode://18@127.0.0.1:1251': -1, 'enode://19@127.0.0.1:1252': -6, 'enode://20@127.0.0.1:1253': -7}
8 1786626531.09 1300 None {'18': 1, '0': 0, '1': 63, '2': 153, '7': 0, '16': 174, '13': 0, '20': 72, '19': 124, '8': 0, '5': 170, '10': 0, '9': 0, '12': 291, '15': 0, '17': 0, '14': 7, '6': 0, '4': 0, '3': 184, '11': 0} {'enode://1@127.0.0.1:1234': -1, 'enode://2@127.0.0.1:1235': -4, 'enode://3@127.0.0.1:1236': -7, 'enode://4@127.0.0.1:1237': 0, 'enode://5@127.0.0.1:1238': -3, 'enode://6@127.0.0.1:1239': 0, 'enode://7@127.0.0.1:1240': -10, 'enode://8@127.0.0.1:1241': 3, 'enode://9@127.0.0.1:1242': 0, 'enode://10@127.0.0.1:1243': 5, 'enode://11@127.0.0.1:1244': 5, 'enode://12@127.0.0.1:1245': -9, 'enode://13@127.0.0.1:1246': 4, 'enode://14@127.0.0.1:1247': -8, 'enode://15@127.0.0.1:1248': 0, 'enode://16@127.0.0.1:1249': -2, 'enode://17@127.0.0.1:1250': 0, 'enode://18@127.0.0.1:1251': 0, 'enode://19@127.0.0.1:1252': -5, 'enode://20@127.0.0.1:1253': -6}
8 1786626531.09 1556 None {'18': 1, '0': 0, '1': 63, '2': 153, '7': 51, '16': 174, '13': 0, '20': 72, '19': 124, '8': 0, '5': 170, '10': 0, '9': 0, '12': 291, '15': 0, '17': 0, '14': 7, '6': 0, '4': 0, '3': 184, '11': 0} {'enode://1@127.0.0.1:1234': 0, 'enode://2@127.0.0.1:1235': -3, 'enode://3@127.0.0.1:1236': -6, 'enode://4@127.0.0.1:1237': 4, 'enode://5@127.0.0.1:1238': -2, 'enode://6@127.0.0.1:1239': 3, 'enode://7@127.0.0.1:1240': -9, 'enode://8@127.0.0.1:1241': 9, 'enode://9@127.0.0.1:1242': 0, 'enode://10@127.0.0.1:1243': -10, 'enode://11@127.0.0.1:1244': 4, 'enode://12@127.0.0.1:1245': -8, 'enode://13@127.0.0.1:1246': 2, 'enode://14@127.0.0.1:1247': -7, 'enode://15@127.0.0.1:1248': 0, 'enode://16@127.0.0.1:1249': -1, 'enode://17@127.0.0.1:1250': 2, 'enode://18@127.0.0.1:1251': 3, 'enode://19@127.0.0.1:1252': -4, 'enode://20@127.0.0.1:1253': -5}
8 1786626531.09 1743 None {'18': 1, '0': 0, '1': 63, '2': 153, '7': 51, '16': 174, '13': 0, '20': 72, '19': 124, '8': 0, '5': 170, '10': 255, '9': 0, '12': 291, '15': 0, '17': 0, '14': 7, '6': 0, '4': 0, '3': 184, '11': 0} {'enode://1@127.0.0.1:1234': 2, 'enode://2@127.0.0.1:1235': -2, 'enode://3@127.0.0.1:1236': -5, 'enode://4@127.0.0.1:1237': 7, 'enode://5@127.0.0.1:1238': -1, 'enode://6@127.0.0.1:1239': 2, 'enode://7@127.0.0.1:1240': -8, 'enode://8@127.0.0.1:1241': -10, 'enode://9@127.0.0.1:1242': 0, 'enode://10@127.0.0.1:1243': -9, 'enode://11@127.0.0.1:1244': 3, 'enode://12@127.0.0.1:1245': -7, 'enode://13@127.0.0.1:1246': 0, 'enode://14@127.0.0.1:1247': -6, 'enode://15@127.0.0.1:1248': 0, 'enode://16@127.0.0.1:1249': 0, 'enode://17@127.0.0.1:1250': 0, 'enode://18@127.0.0.1:1251': 1, 'enode://19@127.0.0.1:1252': -3, 'enode://20@127.0.0.1:1253': -4}
8 1786626531.09 1863 None {'18': 1, '0': 0, '1': 63, '2': 153, '7': 51, '16': 174, '13': 0, '20': 72, '19': 124, '8': 186, '5': 170, '10': 255, '9': 0, '12': 291, '15': 0, '17': 0, '14': 7, '6': 0, '4': 0, '3': 184, '11': 0} {'enode://1@127.0.0.1:1234': 4, 'enode://2@127.0.0.1:1235': -1, 'enode://3@127.0.0.1:1236': -4, 'enode://4@127.0.0.1:1237': -10, 'enode://5@127.0.0.1:1238': 0, 'enode://6@127.0.0.1:1239': 0, 'enode://7@127.0.0.1:1240': -7, 'enode://8@127.0.0.1:1241': -9, 'enode://9@127.0.0.1:1242': 0, 'enode://10@127.0.0.1:1243': -8, 'enode://11@127.0.0.1:1244': 3, 'enode://12@127.0.0.1:1245': -6, 'enode://13@127.0.0.1:1246': 0, 'enode://14@127.0.0.1:1247': -5, 'enode://15@127.0.0.1:1248': 0, 'enode://16@127.0.0.1:1249': 0, 'enode://17@127.0.0.1:1250': 0, 'enode://18@127.0.0.1:1251': 0, 'enode://19@127.0.0.1:1252': -2, 'enode://20@127.0.0.1:1253': -3}
8 1786626531.09 1904 None {'18': 1, '0': 0, '1': 63, '2': 153, '7': 51, '16': 174, '13': 0, '20': 72, '19': 124, '8': 186, '5': 170, '10': 255, '9': 0, '12': 291, '15': 0, '17': 0, '14': 7, '6': 0, '4': 119, '3': 184, '11': 0} {'enode://1@127.0.0.1:1234': 4, 'enode://2@127.0.0.1:1235': 0, 'enode://3@127.0.0.1:1236': -3, 'enode://4@127.0.0.1:1237': -9, 'enode://5@127.0.0.1:1238': 8, 'enode://6@127.0.0.1:1239': 0, 'enode://7@127.0.0.1:1240': -6, 'enode://8@127.0.0.1:1241': -8, 'enode://9@127.0.0.1:1242': 0, 'enode://10@127.0.0.1:1243': -7, 'enode://11@127.0.0.1:1244': -10, 'enode://12@127.0.0.1:1245': -5, 'enode://13@127.0.0.1:1246': 0, 'enode://14@127.0.0.1:1247': -4, 'enode://15@127.0.0.1:1248': 0, 'enode://16@127.0.0.1:1249': 0, 'enode://17@127.0.0.1:1250': 0, 'enode://18@127.0.0.1:1251': 0, 'enode://19@127.0.0.1:1252': -1, 'enode://20@127.0.0.1:1253': -2}
8 1786626531.09 2209 None {'18': 1, '0': 0, '1': 63, '2': 153, '7': 51, '16': 174, '13': 0, '20': 72, '19': 124, '8': 186, '5': 170, '10': 255, '9': 0, '12': 291, '15': 0, '17': 0, '14': 7, '6': 0, '4': 119, '3': 184, '11': 40} {'enode://1@127.0.0.1:1234': 2, 'enode://2@127.0.0.1:1235': 8, 'enode://3@127.0.0.1:1236': -2, 'enode://4@127.0.0.1:1237': -8, 'enode://5@127.0.0.1:1238': -10, 'enode://6@127.0.0.1:1239': 3, 'enode://7@127.0.0.1:1240': -5, 'enode://8@127.0.0.1:1241': -7, 'enode://9@127.0.0.1:1242': 0, 'enode://10@127.0.0.1:1243': -6, 'enode://11@127.0.0.1:1244': -9, 'enode://12@127.0.0.1:1245': -4, 'enode://13@127.0.0.1:1246': 0, 'enode://14@127.0.0.1:1247': -3, 'enode://15@127.0.0.1:1248': 0, 'enode://16@127.0.0.1:1249': 0, 'enode://17@127.0.0.1:1250': 5, 'enode://18@127.0.0.1:1251': 1, 'enode://19@127.0.0.1:1252': 0, 'enode://20@127.0.0.1:1253': -1}
8 1786626531.09 2514 None {'18': 1, '0': 0, '1': 63, '2': 153, '7': 51, '16': 174, '13': 0, '20': 72, '19': 124, '8': 186, '5': 474, '10': 255, '9': 0, '12': 291, '15': 0, '17': 0, '14': 7, '6': 0, '4': 119, '3': 184, '11': 40} {'enode://1@127.0.0.1:1234': 0, 'enode://2@127.0.0.1:1235': 2, 'enode://3@127.0.0.1:1236': -1, 'enode://4@127.0.0.1:1237': -7, 'enode://5@127.0.0.1:1238': -9, 'enode://6@127.0.0.1:1239': -10, 'enode://7@127.0.0.1:1240': -4, 'enode://8@127.0.0.1:1241': -6, 'enode://9@127.0.0.1:1242': 0, 'enode://10@127.0.0.1:1243': -5, 'enode://11@127.0.0.1:1244': -8, 'enode://12@127.0.0.1:1245': -3, 'enode://13@127.0.0.1:1246': 0, 'enode://14@127.0.0.1:1247': -2, 'enode://15@127.0.0.1:1248': 5, 'enode://16@127.0.0.1:1249': 0, 'enode://17@127.0.0.1:1250': 5, 'enode://18@127.0.0.1:1251': 3, 'enode://19@127.0.0.1:1252': 0, 'enode://20@127.0.0.1:1253': 0}
8 1786626531.09 2734 None {'18': 1, '0': 0, '1': 63, '2': 153, '7': 51, '16': 174, '13': 0, '20': 72, '19': 124, '8': 186, '5': 474, '10': 255, '9': 0, '12': 291, '15': 0, '17': 0, '14': 7, '6': 304, '4': 119, '3': 184, '11': 40} {'enode://1@127.0.0.1:1234': 0, 'enode://2@127.0.0.1:1235': 0, 'enode://3@127.0.0.1:1236': 0, 'enode://4@127.0.0.1:1237': -6, 'enode://5@127.0.0.1:1238': -8, 'enode://6@127.0.0.1:1239': -9, 'enode://7@127.0.0.1:1240': -3, 'enode://8@127.0.0.1:1241': -5, 'enode://9@127.0.0.1:1242': 0, 'enode://10@127.0.0.1:1243': -4, 'enode://11@127.0.0.1:1244': -7, 'enode://12@127.0.0.1:1245': -2, 'enode://13@127.0.0.1:1246': 0, 'enode://14@127.0.0.1:1247': -1, 'enode://15@127.0.0.1:1248': 2, 'enode://16@127.0.0.1:1249': 0, 'enode://17@127.0.0.1:1250': -10, 'enode://18@127.0.0.1:1251': 1, 'enode://19@127.0.0.1:1252': 0, 'enode://20@127.0.0.1:1253': 0}
8 1786626531.09 2753 None {'18': 1, '0': 0, '1': 63, '2': 153, '7': 51, '16': 174, '13': 0, '20': 72, '19': 124, '8': 186, '5': 474, '10': 255, '9': 0, '12': 291, '15': 0, '17': 219, '14': 7, '6': 304, '4': 119, '3': 184, '11': 40} {'enode://1@127.0.0.1:1234': 0, 'enode://2@127.0.0.1:1235': 0, 'enode://3@127.0.0.1:1236': 2, 'enode://4@127.0.0.1:1237': -5, 'enode://5@127.0.0.1:1238': -7, 'enode://6@127.0.0.1:1239': -8, 'enode://7@127.0.0.1:1240': -2, 'enode://8@127.0.0.1:1241': -4, 'enode://9@127.0.0.1:1242': 0, 'enode://10@127.0.0.1:1243': -3, 'enode://11@127.0.0.1:1244': -6, 'enode://12@127.0.0.1:1245': -1, 'enode://13@127.0.0.1:1246': 0, 'enode://14@127.0.0.1:1247': 0, 'enode://15@127.0.0.1:1248': 2, 'enode://16@127.0.0.1:1249': 0, 'enode://17@127.0.0.1:1250': -9, 'enode://18@127.0.0.1:1251': -10, 'enode://19@127.0.0.1:1252': 0, 'enode://20@127.0.0.1:1253': 0}
8 1786626531.09 3409 None {'18': 19, '0': 0, '1': 63, '2': 153, '7': 51, '16': 174, '13': 0, '20': 72, '19': 124, '8': 186, '5': 474, '10': 255, '9': 0, '12': 291, '15': 0, '17': 219, '14': 7, '6': 304, '4': 119, '3': 184, '11': 40} {'enode://1@127.0.0.1:1234': 0, 'enode://2@127.0.0.1:1235': 7, 'enode://3@127.0.0.1:1236': 7, 'enode://4@127.0.0.1:1237': -4, 'enode://5@127.0.0.1:1238': -6, 'enode://6@127.0.0.1:1239': -7, 'enode://7@127.0.0.1:1240': -1, 'enode://8@127.0.0.1:1241': -3, 'enode://9@127.0.0.1:1242': 2, 'enode://10@127.0.0.1:1243': -2, 'enode://11@127.0.0.1:1244': -5, 'enode://12@127.0.0.1:1245': 0, 'enode://13@127.0.0.1:1246': 0, 'enode://14@127.0.0.1:1247': 6, 'enode://15@127.0.0.1:1248': -10, 'enode://16@127.0.0.1:1249': 3, 'enode://17@127.0.0.1:1250': -8, 'enode://18@127.0.0.1:1251': -9, 'enode://19@127.0.0.1:1252': 0, 'enode://20@127.0.0.1:1253': 5}
8 1786626531.09 3571 None {'18': 19, '0': 0, '1': 63, '2': 153, '7': 51, '16': 174, '13': 0, '20': 72, '19': 124, '8': 186, '5': 474, '10': 255, '9': 0, '12': 291, '15': 655, '17': 219, '14': 7, '6': 304, '4': 119, '3': 184, '11': 40} {'enode://1@127.0.0.1:1234': 0, 'enode://2@127.0.0.1:1235': -10, 'enode://3@127.0.0.1:1236': 2, 'enode://4@127.0.0.1:1237': -3, 'enode://5@127.0.0.1:1238': -5, 'enode://6@127.0.0.1:1239': -6, 'enode://7@127.0.0.1:1240': 0, 'enode://8@127.0.0.1:1241': -2, 'enode://9@127.0.0.1:1242': 2, 'enode://10@127.0.0.1:1243': -1, 'enode://11@127.0.0.1:1244': -4, 'enode://12@127.0.0.1:1245': 5, 'enode://13@127.0.0.1:1246': 0, 'enode://14@127.0.0.1:1247': 0, 'enode://15@127.0.0.1:1248': -9, 'enode://16@127.0.0.1:1249': 5, 'enode://17@127.0.0.1:1250': -7, 'enode://18@127.0.0.1:1251': -8, 'enode://19@127.0.0.1:1252': 2, 'enode://20@127.0.0.1:1253': 3}
8 1786626531.09 3612 None {'18': 19, '0': 0, '1': 63, '2': 314, '7': 51, '16': 174, '13': 0, '20': 72, '19': 124, '8': 186, '5': 474, '10': 255, '9': 0, '12': 291, '15': 655, '17': 219, '14': 7, '6': 304, '4': 119, '3': 184, '11': 40} {'enode://1@127.0.0.1:1234': 0, 'enode://2@127.0.0.1:1235': -9, 'enode://3@127.0.0.1:1236': 0, 'enode://4@127.0.0.1:1237': -2, 'enode://5@127.0.0.1:1238': -4, 'enode://6@127.0.0.1:1239': -5, 'enode://7@127.0.0.1:1240': 3, 'enode://8@127.0.0.1:1241': -1, 'enode://9@127.0.0.1:1242': 0, 'enode://10@127.0.0.1:1243': 0, 'enode://11@127.0.0.1:1244': -3, 'enode://12@127.0.0.1:1245': 5, 'enode://13@127.0.0.1:1246': 0, 'enode://14@127.0.0.1:1247': 0, 'enode://15@127.0.0.1:1248': -8, 'enode://16@127.0.0.1:1249': -10, 'enode://17@127.0.0.1:1250': -6, 'enode://18@127.0.0.1:1251': -7, 'enode://19@127.0.0.1:1252': 2, 'enode://20@127.0.0.1:1253': 3}
8 1786626531.09 3712 None {'18': 19, '0': 0, '1': 63, '2': 314, '7': 51, '16': 214, '13': 0, '20': 72, '19': 124, '8': 186, '5': 474, '10': 255, '9': 0, '12': 291, '15': 655, '17': 219, '14': 7, '6': 304, '4': 119, '3': 184, '11': 40} {'enode://1@127.0.0.1:1234': 0, 'enode://2@127.0.0.1:1235': -8, 'enode://3@127.0.0.1:1236': 1, 'enode://4@127.0.0.1:1237': -1, 'enode://5@127.0.0.1:1238': -3, 'enode://6@127.0.0.1:1239': -4, 'enode://7@127.0.0.1:1240': 3, 'enode://8@127.0.0.1:1241': 0, 'enode://9@127.0.0.1:1242': 0, 'enode://10@127.0.0.1:1243': 3, 'enode://11@127.0.0.1:1244': -2, 'enode://12@127.0.0.1:1245': -10, 'enode://13@127.0.0.1:1246': 0, 'enode://14@127.0.0.1:1247': 0, 'enode://15@127.0.0.1:1248': -7, 'enode://16@127.0.0.1:1249': -9, 'enode://17@127.0.0.1:1250': -5, 'enode://18@127.0.0.1:1251': -6, 'enode://19@127.0.0.1:1252': 2, 'enode://20@127.0.0.1:1253': 3}
8 1786626531.091 3807 None {'18': 19, '0': 0, '1': 63, '2': 314, '7': 51, '16': 214, '13': 0, '20': 72, '19': 124, '8': 186, '5': 474, '10': 255, '9': 0, '12': 390, '15': 655, '17': 219, '14': 7, '6': 304, '4': 119, '3': 184, '11': 40} {'enode://1@127.0.0.1:1234': 0, 'enode://2@127.0.0.1:1235': -7, 'enode://3@127.0.0.1:1236': 1, 'enode://4@127.0.0.1:1237': 0, 'enode://5@127.0.0.1:1238': -2, 'enode://6@127.0.0.1:1239': -3, 'enode://7@127.0.0.1:1240': 3, 'enode://8@127.0.0.1:1241': 5, 'enode://9@127.0.0.1:1242': 0, 'enode://10@127.0.0.1:1243': -10, 'enode://11@127.0.0.1:1244': -1, 'enode://12@127.0.0.1:1245': -9, 'enode://13@127.0.0.1:1246': 0, 'enode://14@127.0.0.1:1247': 4, 'enode://15@127.0.0.1:1248': -6, 'enode://16@127.0.0.1:1249': -8, 'enode://17@127.0.0.1:1250': -4, 'enode://18@127.0.0.1:1251': -5, 'enode://19@127.0.0.1:1252': 2, 'enode://20@127.0.0.1:1253': 3}
8 1786626531.091 3918 None {'18': 19, '0': 0, '1': 63, '2': 314, '7': 51, '16': 214, '13': 0, '20': 72, '19': 124, '8': 186, '5': 474, '10': 349, '9': 0, '12': 390, '15': 655, '17': 219, '14': 7, '6': 304, '4': 119, '3': 184, '11': 40} {'enode://1@127.0.0.1:1234': 0, 'enode://2@127.0.0.1:1235': -6, 'enode://3@127.0.0.1:1236': 1, 'enode://4@127.0.0.1:1237': 5, 'enode://5@127.0.0.1:1238': -1, 'enode://6@127.0.0.1:1239': -2, 'enode://7@127.0.0.1:1240': 0, 'enode://8@127.0.0.1:1241': 4, 'enode://9@127.0.0.1:1242': 3, 'enode://10@127.0.0.1:1243': -9, 'enode://11@127.0.0.1:1244': 0, 'enode://12@127.0.0.1:1245': -8, 'enode://13@127.0.0.1:1246': 0, 'enode://14@127.0.0.1:1247': -10, 'enode://15@127.0.0.1:1248': -5, 'enode://16@127.0.0.1:1249': -7, 'enode://17@127.0.0.1:1250': -3, 'enode://18@127.0.0.1:1251': -4, 'enode://19@127.0.0.1:1252': 0, 'enode://20@127.0.0.1:1253': 3}
8 1786626531.091 3961 None {'18': 19, '0': 0, '1': 63, '2': 314, '7': 51, '16': 214, '13': 0, '20': 72, '19': 124, '8': 186, '5': 474, '10': 349, '9': 0, '12': 390, '15': 655, '17': 219, '14': 117, '6': 304, '4': 119, '3': 184, '11': 40} {'enode://1@127.0.0.1:1234': 0, 'enode://2@127.0.0.1:1235': -5, 'enode://3@127.0.0.1:1236': 0, 'enode://4@127.0.0.1:1237': -10, 'enode://5@127.0.0.1:1238': 0, 'enode://6@127.0.0.1:1239': -1, 'enode://7@127.0.0.1:1240': 0, 'enode://8@127.0.0.1:1241': 0, 'enode://9@127.0.0.1:1242': 3, 'enode://10@127.0.0.1:1243': -8, 'enode://11@127.0.0.1:1244': 0, 'enode://12@127.0.0.1:1245': -7, 'enode://13@127.0.0.1:1246': 0, 'enode://14@127.0.0.1:1247': -9, 'enode://15@127.0.0.1:1248': -4, 'enode://16@127.0.0.1:1249': -6, 'enode://17@127.0.0.1:1250': -2, 'enode://18@127.0.0.1:1251': -3, 'enode://19@127.0.0.1:1252': 0, 'enode://20@127.0.0.1:1253': 2}
8 1786626531.091 4070 None {'18': 19, '0': 0, '1': 63, '2': 314, '7': 51, '16': 214, '13': 0, '20': 72, '19': 124, '8': 186, '5': 474, '10': 349, '9': 0, '12': 390, '15': 655, '17': 219, '14': 117, '6': 304, '4': 161, '3': 184, '11': 40} {'enode://1@127.0.0.1:1234': 0, 'enode://2@127.0.0.1:1235': -4, 'enode://3@127.0.0.1:1236': 0, 'enode://4@127.0.0.1:1237': -9, 'enode://5@127.0.0.1:1238': 3, 'enode://6@127.0.0.1:1239': 0, 'enode://7@127.0.0.1:1240': 4, 'enode://8@127.0.0.1:1241': 3, 'enode://9@127.0.0.1:1242': -10, 'enode://10@127.0.0.1:1243': -7, 'enode://11@127.0.0.1:1244': 5, 'enode://12@127.0.0.1:1245': -6, 'enode://13@127.0.0.1:1246': 0, 'enode://14@127.0.0.1:1247': -8, 'enode://15@127.0.0.1:1248': -3, 'enode://16@127.0.0.1:1249': -5, 'enode://17@127.0.0.1:1250': -1, 'enode://18@127.0.0.1:1251': -2, 'enode://19@127.0.0.1:1252': 5, 'enode://20@127.0.0.1:1253': 2}
8 1786626531.091 4356 None {'18': 19, '0': 0, '1': 63, '2': 314, '7': 51, '16': 214, '13': 0, '20': 72, '19': 124, '8': 186, '5': 474, '10': 349, '9': 108, '12': 390, '15': 655, '17': 219, '14': 117, '6': 304, '4': 161, '3': 184, '11': 40} {'enode://1@127.0.0.1:1234': 0, 'enode://2@127.0.0.1:1235': -3, 'enode://3@127.0.0.1:1236': 0, 'enode://4@127.0.0.1:1237': -8, 'enode://5@127.0.0.1:1238': 3, 'enode://6@127.0.0.1:1239': 1, 'enode://7@127.0.0.1:1240': -10, 'enode://8@127.0.0.1:1241': 1, 'enode://9@127.0.0.1:1242': -9, 'enode://10@127.0.0.1:1243': -6, 'enode://11@127.0.0.1:1244': 3, 'enode://12@127.0.0.1:1245': -5, 'enode://13@127.0.0.1:1246': 0, 'enode://14@127.0.0.1:1247': -7, 'enode://15@127.0.0.1:1248': -2, 'enode://16@127.0.0.1:1249': -4, 'enode://17@127.0.0.1:1250': 0, 'enode://18@127.0.0.1:1251': -1, 'enode://19@127.0.0.1:1252': 3, 'enode://20@127.0.0.1:1253': 2}
8 1786626531.091 4437 None {'18': 19, '0': 0, '1': 63, '2': 314, '7': 336, '16': 214, '13': 0, '20': 72, '19': 124, '8': 186, '5': 474, '10': 349, '9': 108, '12': 390, '15': 655, '17': 219, '14': 117, '6': 304, '4': 161, '3': 184, '11': 40} {'enode://1@127.0.0.1:1234': 0, 'enode://2@127.0.0.1:1235': -2, 'enode://3@127.0.0.1:1236': 0, 'enode://4@127.0.0.1:1237': -7, 'enode://5@127.0.0.1:1238': 0, 'enode://6@127.0.0.1:1239': 0, 'enode://7@127.0.0.1:1240': -9, 'enode://8@127.0.0.1:1241': 1, 'enode://9@127.0.0.1:1242': -8, 'enode://10@127.0.0.1:1243': -5, 'enode://11@127.0.0.1:1244': 2, 'enode://12@127.0.0.1:1245': -4, 'enode://13@127.0.0.1:1246': 0, 'enode://14@127.0.0.1:1247': -6, 'enode://15@127.0.0.1:1248': -1, 'enode://16@127.0.0.1:1249': -3, 'enode://17@127.0.0.1:1250': 2, 'enode://18@127.0.0.1:1251': 0, 'enode://19@127.0.0.1:1252': -10, 'enode://20@127.0.0.1:1253': 0}
8 1786626531.091 4452 None {'18': 19, '0': 0, '1': 63, '2': 314, '7': 336, '16': 214, '13': 0, '20': 72, '19': 204, '8': 186, '5': 474, '10': 349, '9': 108, '12': 390, '15': 655, '17': 219, '14': 117, '6': 304, '4': 161, '3': 184, '11': 40} {'enode://1@127.0.0.1:1234': 0, 'enode://2@127.0.0.1:1235': -1, 'enode://3@127.0.0.1:1236': 0, 'enode://4@127.0.0.1:1237': -6, 'enode://5@127.0.0.1:1238': 0, 'enode://6@127.0.0.1:1239': 0, 'enode://7@127.0.0.1:1240': -8, 'enode://8@127.0.0.1:1241': 2, 'enode://9@127.0.0.1:1242': -7, 'enode://10@127.0.0.1:1243': -4, 'enode://11@127.0.0.1:1244': 2, 'enode://12@127.0.0.1:1245': -3, 'enode://13@127.0.0.1:1246': 0, 'enode://14@127.0.0.1:1247': -5, 'enode://15@127.0.0.1:1248': 0, 'enode://16@127.0.0.1:1249': -2, 'enode://17@127.0.0.1:1250': -10, 'enode://18@127.0.0.1:1251': 0, 'enode://19@127.0.0.1:1252': -9, 'enode://20@127.0.0.1:1253': 0}
8 1786626531.091 4539 None {'18': 19, '0': 0, '1': 63, '2': 314, '7': 336, '16': 214, '13': 0, '20': 72, '19': 204, '8': 186, '5': 474, '10': 349, '9': 108, '12': 390, '15': 655, '17': 233, '14': 117, '6': 304, '4': 161, '3': 184, '11': 40} {'enode://1@127.0.0.1:1234': 0, 'enode://2@127.0.0.1:1235': 0, 'enode://3@127.0.0.1:1236': 0, 'enode://4@127.0.0.1:1237': -5, 'enode://5@127.0.0.1:1238': 0, 'enode://6@127.0.0.1:1239': 0, 'enode://7@127.0.0.1:1240': -7, 'enode://8@127.0.0.1:1241': -10, 'enode://9@127.0.0.1:1242': -6, 'enode://10@127.0.0.1:1243': -3, 'enode://11@127.0.0.1:1244': 2, 'enode://12@127.0.0.1:1245': -2, 'enode://13@127.0.0.1:1246': 0, 'enode://14@127.0.0.1:1247': -4, 'enode://15@127.0.0.1:1248': 0, 'enode://16@127.0.0.1:1249': -1, 'enode://17@127.0.0.1:1250': -9, 'enode://18@127.0.0.1:1251': 0, 'enode://19@127.0.0.1:1252': -8, 'enode://20@127.0.0.1:1253': 0}
8 1786626531.091 4619 None {'18': 19, '0': 0, '1': 63, '2': 314, '7': 336, '16': 214, '13': 0, '20': 72, '19': 204, '8': 272, '5': 474, '10': 349, '9': 108, '12': 390, '15': 655, '17': 233, '14': 117, '6': 304, '4': 161, '3': 184, '11': 40} {'enode://1@127.0.0.1:1234': 0, 'enode://2@127.0.0.1:1235': 4, 'enode://3@127.0.0.1:1236': 0, 'enode://4@127.0.0.1:1237': -4, 'enode://5@127.0.0.1:1238': 0, 'enode://6@127.0.0.1:1239': 0, 'enode://7@127.0.0.1:1240': -6, 'enode://8@127.0.0.1:1241': -9, 'enode://9@127.0.0.1:1242': -5, 'enode://10@127.0.0.1:1243': -2, 'enode://11@127.0.0.1:1244': -10, 'enode://12@127.0.0.1:1245': -1, 'enode://13@127.0.0.1:1246': 0, 'enode://14@127.0.0.1:1247': -3, 'enode://15@127.0.0.1:1248': 0, 'enode://16@127.0.0.1:1249': 0, 'enode://17@127.0.0.1:1250': -8, 'enode://18@127.0.0.1:1251': 0, 'enode://19@127.0.0.1:1252': -7, 'enode://20@127.0.0.1:1253': 0}
8 1786626531.091 4635 None {'18': 19, '0': 0, '1': 63, '2': 314, '7': 336, '16': 214, '13': 0, '20': 72, '19': 204, '8': 272, '5': 474, '10': 349, '9': 108, '12': 390, '15': 655, '17': 233, '14': 117, '6': 304, '4': 161, '3': 184, '11': 119} {'enode://1@127.0.0.1:1234': 0, 'enode://2@127.0.0.1:1235': -10, 'enode://3@127.0.0.1:1236': 0, 'enode://4@127.0.0.1:1237': -3, 'enode://5@127.0.0.1:1238': 0, 'enode://6@127.0.0.1:1239': 0, 'enode://7@127.0.0.1:1240': -5, 'enode://8@127.0.0.1:1241': -8, 'enode://9@127.0.0.1:1242': -4, 'enode://10@127.0.0.1:1243': -1, 'enode://11@127.0.0.1:1244': -9, 'enode://12@127.0.0.1:1245': 0, 'enode://13@127.0.0.1:1246': 0, 'enode://14@127.0.0.1:1247': -2, 'enode://15@127.0.0.1:1248': 0, 'enode://16@127.0.0.1:1249': 0, 'enode://17@127.0.0.1:1250': -7, 'enode://18@127.0.0.1:1251': 0, 'enode://19@127.0.0.1:1252': -6, 'enode://20@127.0.0.1:1253': 0}
8 1786626531.091 5253 None {'18': 19, '0': 0, '1': 63, '2': 329, '7': 336, '16': 214, '13': 0, '20': 72, '19': 204, '8': 272, '5': 474, '10': 349, '9': 108, '12': 390, '15': 655, '17': 233, '14': 117, '6': 304, '4': 161, '3': 184, '11': 119} {'enode://1@127.0.0.1:1234': 0, 'enode://2@127.0.0.1:1235': -9, 'enode://3@127.0.0.1:1236': 3, 'enode://4@127.0.0.1:1237': -2, 'enode://5@127.0.0.1:1238': 0, 'enode://6@127.0.0.1:1239': 0, 'enode://7@127.0.0.1:1240': -4, 'enode://8@127.0.0.1:1241': -7, 'enode://9@127.0.0.1:1242': -3, 'enode://10@127.0.0.1:1243': 0, 'enode://11@127.0.0.1:1244': -8, 'enode://12@127.0.0.1:1245': 0, 'enode://13@127.0.0.1:1246': 0, 'enode://14@127.0.0.1:1247': -1, 'enode://15@127.0.0.1:1248': 4, 'enode://16@127.0.0.1:1249': 1, 'enode://17@127.0.0.1:1250': -6, 'enode://18@127.0.0.1:1251': 1, 'enode://19@127.0.0.1:1252': -5, 'enode://20@127.0.0.1:1253': -10}
8 1786626531.091 5297 None {'18': 19, '0': 0, '1': 63, '2': 329, '7': 336, '16': 214, '13': 0, '20': 689, '19': 204, '8': 272, '5': 474, '10': 349, '9': 108, '12': 390, '15': 655, '17': 233, '14': 117, '6': 304, '4': 161, '3': 184, '11': 119} {'enode://1@127.0.0.1:1234': 0, 'enode://2@127.0.0.1:1235': -8, 'enode://3@127.0.0.1:1236': 0, 'enode://4@127.0.0.1:1237': -1, 'enode://5@127.0.0.1:1238': 0, 'enode://6@127.0.0.1:1239': 0, 'enode://7@127.0.0.1:1240': -3, 'enode://8@127.0.0.1:1241': -6, 'enode://9@127.0.0.1:1242': -2, 'enode://10@127.0.0.1:1243': 3, 'enode://11@127.0.0.1:1244': -7, 'enode://12@127.0.0.1:1245': 0, 'enode://13@127.0.0.1:1246': 0, 'enode://14@127.0.0.1:1247': 0, 'enode://15@127.0.0.1:1248': -10, 'enode://16@127.0.0.1:1249': 0, 'enode://17@127.0.0.1:1250': -5, 'enode://18@127.0.0.1:1251': 0, 'enode://19@127.0.0.1:1252': -4, 'enode://20@127.0.0.1:1253': -9}
8 1786626531.091 5336 None {'18': 19, '0': 0, '1': 63, '2': 329, '7': 336, '16': 214, '13': 0, '20': 689, '19': 204, '8': 272, '5': 474, '10': 349, '9': 108, '12': 390, '15': 698, '17': 233, '14': 117, '6': 304, '4': 161, '3': 184, '11': 119} {'enode://1@127.0.0.1:1234': 0, 'enode://2@127.0.0.1:1235': -7, 'enode://3@127.0.0.1:1236': 0, 'enode://4@127.0.0.1:1237': 0, 'enode://5@127.0.0.1:1238': 0, 'enode://6@127.0.0.1:1239': 0, 'enode://7@127.0.0.1:1240': -2, 'enode://8@127.0.0.1:1241': -5, 'enode://9@127.0.0.1:1242': -1, 'enode://10@127.0.0.1:1243': -10, 'enode://11@127.0.0.1:1244': -6, 'enode://12@127.0.0.1:1245': 0, 'enode://13@127.0.0.1:1246': 0, 'enode://14@127.0.0.1:1247': 3, 'enode://15@127.0.0.1:1248': -9, 'enode://16@127.0.0.1:1249': 0, 'enode://17@127.0.0.1:1250': -4, 'enode://18@127.0.0.1:1251': 0, 'enode://19@127.0.0.1:1252': -3, 'enode://20@127.0.0.1:1253': -8}
8 1786626531.091 6151 None {'18': 19, '0': 0, '1': 63, '2': 329, '7': 336, '16': 214, '13': 0, '20': 689, '19': 204, '8': 272, '5': 474, '10': 387, '9': 108, '12': 390, '15': 698, '17': 233, '14': 117, '6': 304, '4': 161, '3': 184, '11': 119} {'enode://1@127.0.0.1:1234': 0, 'enode://2@127.0.0.1:1235': -6, 'enode://3@127.0.0.1:1236': 1, 'enode://4@127.0.0.1:1237': -10, 'enode://5@127.0.0.1:1238': 1, 'enode://6@127.0.0.1:1239': 0, 'enode://7@127.0.0.1:1240': -1, 'enode://8@127.0.0.1:1241': -4, 'enode://9@127.0.0.1:1242': 0, 'enode://10@127.0.0.1:1243': -9, 'enode://11@127.0.0.1:1244': -5, 'enode://12@127.0.0.1:1245': 0, 'enode://13@127.0.0.1:1246': 0, 'enode://14@127.0.0.1:1247': 5, 'enode://15@127.0.0.1:1248': -8, 'enode://16@127.0.0.1:1249': 0, 'enode://17@127.0.0.1:1250': -3, 'enode://18@127.0.0.1:1251': 1, 'enode://19@127.0.0.1:1252': -2, 'enode://20@127.0.0.1:1253': -7}
8 1786626531.091 6362 None {'18': 19, '0': 0, '1': 63, '2': 329, '7': 336, '16': 214, '13': 0, '20': 689, '19': 204, '8': 272, '5': 474, '10': 387, '9': 108, '12': 390, '15': 698, '17': 233, '14': 117, '6': 304, '4': 975, '3': 184, '11': 119} {'enode://1@127.0.0.1:1234': 0, 'enode://2@127.0.0.1:1235': -5, 'enode://3@127.0.0.1:1236': -10, 'enode://4@127.0.0.1:1237': -9, 'enode://5@127.0.0.1:1238': 2, 'enode://6@127.0.0.1:1239': 2, 'enode://7@127.0.0.1:1240': 0, 'enode://8@127.0.0.1:1241': -3, 'enode://9@127.0.0.1:1242': 2, 'enode://10@127.0.0.1:1243': -8, 'enode://11@127.0.0.1:1244': -4, 'enode://12@127.0.0.1:1245': 0, 'enode://13@127.0.0.1:1246': 0, 'enode://14@127.0.0.1:1247': 0, 'enode://15@127.0.0.1:1248': -7, 'enode://16@127.0.0.1:1249': 0, 'enode://17@127.0.0.1:1250': -2, 'enode://18@127.0.0.1:1251': 4, 'enode://19@127.0.0.1:1252': -1, 'enode://20@127.0.0.1:1253': -6}
8 1786626531.092 6559 None {'18': 19, '0': 0, '1': 63, '2': 329, '7': 336, '16': 214, '13': 0, '20': 689, '19': 204, '8': 272, '5': 474, '10': 387, '9': 108, '12': 390, '15': 698, '17': 233, '14': 117, '6': 304, '4': 975, '3': 394, '11': 119} {'enode://1@127.0.0.1:1234': 0, 'enode://2@127.0.0.1:1235': -4, 'enode://3@127.0.0.1:1236': -9, 'enode://4@127.0.0.1:1237': -8, 'enode://5@127.0.0.1:1238': 3, 'enode://6@127.0.0.1:1239': 2, 'enode://7@127.0.0.1:1240': 1, 'enode://8@127.0.0.1:1241': -2, 'enode://9@127.0.0.1:1242': 2, 'enode://10@127.0.0.1:1243': -7, 'enode://11@127.0.0.1:1244': -3, 'enode://12@127.0.0.1:1245': 0, 'enode://13@127.0.0.1:1246': 0, 'enode://14@127.0.0.1:1247': 0, 'enode://15@127.0.0.1:1248': -6, 'enode://16@127.0.0.1:1249': 0, 'enode://17@127.0.0.1:1250': -1, 'enode://18@127.0.0.1:1251': -10, 'enode://19@127.0.0.1:1252': 0, 'enode://20@127.0.0.1:1253': -5}
8 1786626531.092 6852 None {'18': 215, '0': 0, '1': 63, '2': 329, '7': 336, '16': 214, '13': 0, '20': 689, '19': 204, '8': 272, '5': 474, '10': 387, '9': 108, '12': 390, '15': 698, '17': 233, '14': 117, '6': 304, '4': 975, '3': 394, '11': 119} {'enode://1@127.0.0.1:1234': 0, 'enode://2@127.0.0.1:1235': -3, 'enode://3@127.0.0.1:1236': -8, 'enode://4@127.0.0.1:1237': -7, 'enode://5@127.0.0.1:1238': 3, 'enode://6@127.0.0.1:1239': 1, 'enode://7@127.0.0.1:1240': -10, 'enode://8@127.0.0.1:1241': -1, 'enode://9@127.0.0.1:1242': 6, 'enode://10@127.0.0.1:1243': -6, 'enode://11@127.0.0.1:1244': -2, 'enode://12@127.0.0.1:1245': 0, 'enode://13@127.0.0.1:1246': 0, 'enode://14@127.0.0.1:1247': 0, 'enode://15@127.0.0.1:1248': -5, 'enode://16@127.0.0.1:1249': 0, 'enode://17@127.0.0.1:1250': 0, 'enode://18@127.0.0.1:1251': -9, 'enode://19@127.0.0.1:1252': 1, 'enode://20@127.0.0.1:1253': -4}
8 1786626531.092 7148 None {'18': 215, '0': 0, '1': 63, '2': 329, '7': 628, '16': 214, '13': 0, '20': 689, '19': 204, '8': 272, '5': 474, '10': 387, '9': 108, '12': 390, '15': 698, '17': 233, '14': 117, '6': 304, '4': 975, '3': 394, '11': 119} {'enode://1@127.0.0.1:1234': 0, 'enode://2@127.0.0.1:1235': -2, 'enode://3@127.0.0.1:1236': -7, 'enode://4@127.0.0.1:1237': -6, 'enode://5@127.0.0.1:1238': -10, 'enode://6@127.0.0.1:1239': 0, 'enode://7@127.0.0.1:1240': -9, 'enode://8@127.0.0.1:1241': 0, 'enode://9@127.0.0.1:1242': 0, 'enode://10@127.0.0.1:1243': -5, 'enode://11@127.0.0.1:1244': -1, 'enode://12@127.0.0.1:1245': 0, 'enode://13@127.0.0.1:1246': 0, 'enode://14@127.0.0.1:1247': 0, 'enode://15@127.0.0.1:1248': -4, 'enode://16@127.0.0.1:1249': 0, 'enode://17@127.0.0.1:1250': 5, 'enode://18@127.0.0.1:1251': -8, 'enode://19@127.0.0.1:1252': 1, 'enode://20@127.0.0.1:1253': -3}
8 1786626531.092 7163 None {'18': 215, '0': 0, '1': 63, '2': 329, '7': 628, '16': 214, '13': 0, '20': 689, '19': 204, '8': 272, '5': 769, '10': 387, '9': 108, '12': 390, '15': 698, '17': 233, '14': 117, '6': 304, '4': 975, '3': 394, '11': 119} {'enode://1@127.0.0.1:1234': 0, 'enode://2@127.0.0.1:1235': -1, 'enode://3@127.0.0.1:1236': -6, 'enode://4@127.0.0.1:1237': -5, 'enode://5@127.0.0.1:1238': -9, 'enode://6@127.0.0.1:1239': 0, 'enode://7@127.0.0.1:1240': -8, 'enode://8@127.0.0.1:1241': 4, 'enode://9@127.0.0.1:1242': 0, 'enode://10@127.0.0.1:1243': -4, 'enode://11@127.0.0.1:1244': 0, 'enode://12@127.0.0.1:1245': 0, 'enode://13@127.0.0.1:1246': 0, 'enode://14@127.0.0.1:1247': 0, 'enode://15@127.0.0.1:1248': -3, 'enode://16@127.0.0.1:1249': 0, 'enode://17@127.0.0.1:1250': -10, 'enode://18@127.0.0.1:1251': -7, 'enode://19@127.0.0.1:1252': 0, 'enode://20@127.0.0.1:1253': -2}
8 1786626531.092 7195 None {'18': 215, '0': 0, '1': 63, '2': 329, '7': 628, '16': 214, '13': 0, '20': 689, '19': 204, '8': 272, '5': 769, '10': 387, '9': 108, '12': 390, '15': 698, '17': 247, '14': 117, '6': 304, '4': 975, '3': 394, '11': 119} {'enode://1@127.0.0.1:1234': 0, 'enode://2@127.0.0.1:1235': 0, 'enode://3@127.0.0.1:1236': -5, 'enode://4@127.0.0.1:1237': -4, 'enode://5@127.0.0.1:1238': -8, 'enode://6@127.0.0.1:1239': 0, 'enode://7@127.0.0.1:1240': -7, 'enode://8@127.0.0.1:1241': -10, 'enode://9@127.0.0.1:1242': 0, 'enode://10@127.0.0.1:1243': -3, 'enode://11@127.0.0.1:1244': 4, 'enode://12@127.0.0.1:1245': 0, 'enode://13@127.0.0.1:1246': 0, 'enode://14@127.0.0.1:1247': 0, 'enode://15@127.0.0.1:1248': -2, 'enode://16@127.0.0.1:1249': 0, 'enode://17@127.0.0.1:1250': -9, 'enode://18@127.0.0.1:1251': -6, 'enode://19@127.0.0.1:1252': 0, 'enode://20@127.0.0.1:1253': -1}
8 1786626531.092 7200 None {'18': 215, '0': 0, '1': 63, '2': 329, '7': 628, '16': 214, '13': 0, '20': 689, '19': 204, '8': 303, '5': 769, '10': 387, '9': 108, '12': 390, '15': 698, '17': 247, '14': 117, '6': 304, '4': 975, '3': 394, '11': 119} {'enode://1@127.0.0.1:1234': 0, 'enode://2@127.0.0.1:1235': 0, 'enode://3@127.0.0.1:1236': -4, 'enode://4@127.0.0.1:1237': -3, 'enode://5@127.0.0.1:1238': -7, 'enode://6@127.0.0.1:1239': 0, 'enode://7@127.0.0.1:1240': -6, 'enode://8@127.0.0.1:1241': -9, 'enode://9@127.0.0.1:1242': 0, 'enode://10@127.0.0.1:1243': -2, 'enode://11@127.0.0.1:1244': -10, 'enode://12@127.0.0.1:1245': 0, 'enode://13@127.0.0.1:1246': 0, 'enode://14@127.0.0.1:1247': 0, 'enode://15@127.0.0.1:1248': -1, 'enode://16@127.0.0.1:1249': 0, 'enode://17@127.0.0.1:1250': -8, 'enode://18@127.0.0.1:1251': -5, 'enode://19@127.0.0.1:1252': 0, 'enode://20@127.0.0.1:1253': 0}
8 1786626531.092 7966 None {'18': 215, '0': 0, '1': 63, '2': 329, '7': 628, '16': 214, '13': 0, '20': 689, '19': 204, '8': 303, '5': 769, '10': 387, '9': 108, '12': 390, '15': 698, '17': 247, '14': 117, '6': 304, '4': 975, '3': 394, '11': 123} {'enode://1@127.0.0.1:1234': 4, 'enode://2@127.0.0.1:1235': 0, 'enode://3@127.0.0.1:1236': -3, 'enode://4@127.0.0.1:1237': -2, 'enode://5@127.0.0.1:1238': -6, 'enode://6@127.0.0.1:1239': 0, 'enode://7@127.0.0.1:1240': -5, 'enode://8@127.0.0.1:1241': -8, 'enode://9@127.0.0.1:1242': -10, 'enode://10@127.0.0.1:1243': -1, 'enode://11@127.0.0.1:1244': -9, 'enode://12@127.0.0.1:1245': 4, 'enode://13@127.0.0.1:1246': 3, 'enode://14@127.0.0.1:1247': 0, 'enode://15@127.0.0.1:1248': 0, 'enode://16@127.0.0.1:1249': 0, 'enode://17@127.0.0.1:1250': -7, 'enode://18@127.0.0.1:1251': -4, 'enode://19@127.0.0.1:1252': 0, 'enode://20@127.0.0.1:1253': 4}
8 1786626531.092 8044 None {'18': 215, '0': 0, '1': 63, '2': 329, '7': 628, '16': 214, '13': 0, '20': 689, '19': 204, '8': 303, '5': 769, '10': 387, '9': 873, '12': 390, '15': 698, '17': 247, '14': 117, '6': 304, '4': 975, '3': 394, '11': 123} {'enode://1@127.0.0.1:1234': 3, 'enode://2@127.0.0.1:1235': 0, 'enode://3@127.0.0.1:1236': -2, 'enode://4@127.0.0.1:1237': -1, 'enode://5@127.0.0.1:1238': -5, 'enode://6@127.0.0.1:1239': 0, 'enode://7@127.0.0.1:1240': -4, 'enode://8@127.0.0.1:1241': -7, 'enode://9@127.0.0.1:1242': -9, 'enode://10@127.0.0.1:1243': 0, 'enode://11@127.0.0.1:1244': -8, 'enode://12@127.0.0.1:1245': -10, 'enode://13@127.0.0.1:1246': 3, 'enode://14@127.0.0.1:1247': 0, 'enode://15@127.0.0.1:1248': 0, 'enode://16@127.0.0.1:1249': 0, 'enode://17@127.0.0.1:1250': -6, 'enode://18@127.0.0.1:1251': -3, 'enode://19@127.0.0.1:1252': 0, 'enode://20@127.0.0.1:1253': 5}
8 1786626531.092 8052 None {'18': 215, '0': 0, '1': 63, '2': 329, '7': 628, '16': 214, '13': 0, '20': 689, '19': 204, '8': 303, '5': 769, '10': 387, '9': 873, '12': 467, '15': 698, '17': 247, '14': 117, '6': 304, '4': 975, '3': 394, '11': 123} {'enode://1@127.0.0.1:1234': 3, 'enode://2@127.0.0.1:1235': 0, 'enode://3@127.0.0.1:1236': -1, 'enode://4@127.0.0.1:1237': 0, 'enode://5@127.0.0.1:1238': -4, 'enode://6@127.0.0.1:1239': 0, 'enode://7@127.0.0.1:1240': -3, 'enode://8@127.0.0.1:1241': -6, 'enode://9@127.0.0.1:1242': -8, 'enode://10@127.0.0.1:1243': 0, 'enode://11@127.0.0.1:1244': -7, 'enode://12@127.0.0.1:1245': -9, 'enode://13@127.0.0.1:1246': 4, 'enode://14@127.0.0.1:1247': 0, 'enode://15@127.0.0.1:1248': 0, 'enode://16@127.0.0.1:1249': 0, 'enode://17@127.0.0.1:1250': -5, 'enode://18@127.0.0.1:1251': -2, 'enode://19@127.0.0.1:1252': 0, 'enode://20@127.0.0.1:1253': -10}
8 1786626531.092 8123 None {'18': 215, '0': 0, '1': 63, '2': 329, '7': 628, '16': 214, '13': 0, '20': 696, '19': 204, '8': 303, '5': 769, '10': 387, '9': 873, '12': 467, '15': 698, '17': 247, '14': 117, '6': 304, '4': 975, '3': 394, '11': 123} {'enode://1@127.0.0.1:1234': 3, 'enode://2@127.0.0.1:1235': 0, 'enode://3@127.0.0.1:1236': 0, 'enode://4@127.0.0.1:1237': 5, 'enode://5@127.0.0.1:1238': -3, 'enode://6@127.0.0.1:1239': 0, 'enode://7@127.0.0.1:1240': -2, 'enode://8@127.0.0.1:1241': -5, 'enode://9@127.0.0.1:1242': -7, 'enode://10@127.0.0.1:1243': 0, 'enode://11@127.0.0.1:1244': -6, 'enode://12@127.0.0.1:1245': -8, 'enode://13@127.0.0.1:1246': -10, 'enode://14@127.0.0.1:1247': 0, 'enode://15@127.0.0.1:1248': 0, 'enode://16@127.0.0.1:1249': 0, 'enode://17@127.0.0.1:1250': -4, 'enode://18@127.0.0.1:1251': -1, 'enode://19@127.0.0.1:1252': 0, 'enode://20@127.0.0.1:1253': -9}
8 1786626531.092 8295 None {'18': 215, '0': 0, '1': 63, '2': 329, '7': 628, '16': 214, '13': 70, '20': 696, '19': 204, '8': 303, '5': 769, '10': 387, '9': 873, '12': 467, '15': 698, '17': 247, '14': 117, '6': 304, '4': 975, '3': 394, '11': 123} {'enode://1@127.0.0.1:1234': 3, 'enode://2@127.0.0.1:1235': 0, 'enode://3@127.0.0.1:1236': 6, 'enode://4@127.0.0.1:1237': -10, 'enode://5@127.0.0.1:1238': -2, 'enode://6@127.0.0.1:1239': 0, 'enode://7@127.0.0.1:1240': -1, 'enode://8@127.0.0.1:1241': -4, 'enode://9@127.0.0.1:1242': -6, 'enode://10@127.0.0.1:1243': 0, 'enode://11@127.0.0.1:1244': -5, 'enode://12@127.0.0.1:1245': -7, 'enode://13@127.0.0.1:1246': -9, 'enode://14@127.0.0.1:1247': 0, 'enode://15@127.0.0.1:1248': 1, 'enode://16@127.0.0.1:1249': 0, 'enode://17@127.0.0.1:1250': -3, 'enode://18@127.0.0.1:1251': 0, 'enode://19@127.0.0.1:1252': 0, 'enode://20@127.0.0.1:1253': -8}
8 1786626531.092 8326 None {'18': 215, '0': 0, '1': 63, '2': 329, '7': 628, '16': 214, '13': 70, '20': 696, '19': 204, '8': 303, '5': 769, '10': 387, '9': 873, '12': 467, '15': 698, '17': 247, '14': 117, '6': 304, '4': 1146, '3': 394, '11': 123} {'enode://1@127.0.0.1:1234': 3, 'enode://2@127.0.0.1:1235': 0, 'enode://3@127.0.0.1:1236': -10, 'enode://4@127.0.0.1:1237': -9, 'enode://5@127.0.0.1:1238': -1, 'enode://6@127.0.0.1:1239': 0, 'enode://7@127.0.0.1:1240': 0, 'enode://8@127.0.0.1:1241': -3, 'enode://9@127.0.0.1:1242': -5, 'enode://10@127.0.0.1:1243': 0, 'enode://11@127.0.0.1:1244': -4, 'enode://12@127.0.0.1:1245': -6, 'enode://13@127.0.0.1:1246': -8, 'enode://14@127.0.0.1:1247': 0, 'enode://15@127.0.0.1:1248': 1, 'enode://16@127.0.0.1:1249': 0, 'enode://17@127.0.0.1:1250': -2, 'enode://18@127.0.0.1:1251': 0, 'enode://19@127.0.0.1:1252': 0, 'enode://20@127.0.0.1:1253': -7}
8 1786626531.092 8339 None {'18': 215, '0': 0, '1': 63, '2': 329, '7': 628, '16': 214, '13': 70, '20': 696, '19': 204, '8': 303, '5': 769, '10': 387, '9': 873, '12': 467, '15': 698, '17': 247, '14': 117, '6': 304, '4': 1146, '3': 424, '11': 123} {'enode://1@127.0.0.1:1234': -10, 'enode://2@127.0.0.1:1235': 0, 'enode://3@127.0.0.1:1236': -9, 'enode://4@127.0.0.1:1237': -8, 'enode://5@127.0.0.1:1238': 0, 'enode://6@127.0.0.1:1239': 0, 'enode://7@127.0.0.1:1240': 0, 'enode://8@127.0.0.1:1241': -2, 'enode://9@127.0.0.1:1242': -4, 'enode://10@127.0.0.1:1243': 0, 'enode://11@127.0.0.1:1244': -3, 'enode://12@127.0.0.1:1245': -5, 'enode://13@127.0.0.1:1246': -7, 'enode://14@127.0.0.1:1247': 0, 'enode://15@127.0.0.1:1248': 1, 'enode://16@127.0.0.1:1249': 0, 'enode://17@127.0.0.1:1250': -1, 'enode://18@127.0.0.1:1251': 0, 'enode://19@127.0.0.1:1252': 0, 'enode://20@127.0.0.1:1253': -6}
8 1786626531.092 8705 None {'18': 215, '0': 0, '1': 75, '2': 329, '7': 628, '16': 214, '13': 70, '20': 696, '19': 204, '8': 303, '5': 769, '10': 387, '9': 873, '12': 467, '15': 698, '17': 247, '14': 117, '6': 304, '4': 1146, '3': 424, '11': 123} {'enode://1@127.0.0.1:1234': -9, 'enode://2@127.0.0.1:1235': 3, 'enode://3@127.0.0.1:1236': -8, 'enode://4@127.0.0.1:1237': -7, 'enode://5@127.0.0.1:1238': -10, 'enode://6@127.0.0.1:1239': 0, 'enode://7@127.0.0.1:1240': 2, 'enode://8@127.0.0.1:1241': -1, 'enode://9@127.0.0.1:1242': -3, 'enode://10@127.0.0.1:1243': 0, 'enode://11@127.0.0.1:1244': -2, 'enode://12@127.0.0.1:1245': -4, 'enode://13@127.0.0.1:1246': -6, 'enode://14@127.0.0.1:1247': 0, 'enode://15@127.0.0.1:1248': 3, 'enode://16@127.0.0.1:1249': 0, 'enode://17@127.0.0.1:1250': 0, 'enode://18@127.0.0.1:1251': 0, 'enode://19@127.0.0.1:1252': 3, 'enode://20@127.0.0.1:1253': -5}
8 1786626531.092 8901 None {'18': 215, '0': 0, '1': 75, '2': 329, '7': 628, '16': 214, '13': 70, '20': 696, '19': 204, '8': 303, '5': 1134, '10': 387, '9': 873, '12': 467, '15': 698, '17': 247, '14': 117, '6': 304, '4': 1146, '3': 424, '11': 123} {'enode://1@127.0.0.1:1234': -8, 'enode://2@127.0.0.1:1235': 4, 'enode://3@127.0.0.1:1236': -7, 'enode://4@127.0.0.1:1237': -6, 'enode://5@127.0.0.1:1238': -9, 'enode://6@127.0.0.1:1239': 0, 'enode://7@127.0.0.1:1240': 2, 'enode://8@127.0.0.1:1241': 0, 'enode://9@127.0.0.1:1242': -2, 'enode://10@127.0.0.1:1243': 0, 'enode://11@127.0.0.1:1244': -1, 'enode://12@127.0.0.1:1245': -3, 'enode://13@127.0.0.1:1246': -5, 'enode://14@127.0.0.1:1247': 0, 'enode://15@127.0.0.1:1248': 3, 'enode://16@127.0.0.1:1249': 0, 'enode://17@127.0.0.1:1250': 3, 'enode://18@127.0.0.1:1251': 0, 'enode://19@127.0.0.1:1252': -10, 'enode://20@127.0.0.1:1253': -4}
8 1786626531.093 8974 None {'18': 215, '0': 0, '1': 75, '2': 329, '7': 628, '16': 214, '13': 70, '20': 696, '19': 399, '8': 303, '5': 1134, '10': 387, '9': 873, '12': 467, '15': 698, '17': 247, '14': 117, '6': 304, '4': 1146, '3': 424, '11': 123} {'enode://1@127.0.0.1:1234': -7, 'enode://2@127.0.0.1:1235': -10, 'enode://3@127.0.0.1:1236': -6, 'enode://4@127.0.0.1:1237': -5, 'enode://5@127.0.0.1:1238': -8, 'enode://6@127.0.0.1:1239': 0, 'enode://7@127.0.0.1:1240': 2, 'enode://8@127.0.0.1:1241': 0, 'enode://9@127.0.0.1:1242': -1, 'enode://10@127.0.0.1:1243': 0, 'enode://11@127.0.0.1:1244': 0, 'enode://12@127.0.0.1:1245': -2, 'enode://13@127.0.0.1:1246': -4, 'enode://14@127.0.0.1:1247': 0, 'enode://15@127.0.0.1:1248': 3, 'enode://16@127.0.0.1:1249': 0, 'enode://17@127.0.0.1:1250': 3, 'enode://18@127.0.0.1:1251': 0, 'enode://19@127.0.0.1:1252': -9, 'enode://20@127.0.0.1:1253': -3}
8 1786626531.093 9425 None {'18': 215, '0': 0, '1': 75, '2': 401, '7': 628, '16': 214, '13': 70, '20': 696, '19': 399, '8': 303, '5': 1134, '10': 387, '9': 873, '12': 467, '15': 698, '17': 247, '14': 117, '6': 304, '4': 1146, '3': 424, '11': 123} {'enode://1@127.0.0.1:1234': -6, 'enode://2@127.0.0.1:1235': -9, 'enode://3@127.0.0.1:1236': -5, 'enode://4@127.0.0.1:1237': -4, 'enode://5@127.0.0.1:1238': -7, 'enode://6@127.0.0.1:1239': -10, 'enode://7@127.0.0.1:1240': 4, 'enode://8@127.0.0.1:1241': 0, 'enode://9@127.0.0.1:1242': 0, 'enode://10@127.0.0.1:1243': 0, 'enode://11@127.0.0.1:1244': 0, 'enode://12@127.0.0.1:1245': -1, 'enode://13@127.0.0.1:1246': -3, 'enode://14@127.0.0.1:1247': 2, 'enode://15@127.0.0.1:1248': 4, 'enode://16@127.0.0.1:1249': 0, 'enode://17@127.0.0.1:1250': 4, 'enode://18@127.0.0.1:1251': 1, 'enode://19@127.0.0.1:1252': -8, 'enode://20@127.0.0.1:1253': -2}
8 1786626531.093 9535 None {'18': 215, '0': 0, '1': 75, '2': 401, '7': 628, '16': 214, '13': 70, '20': 696, '19': 399, '8': 303, '5': 1134, '10': 387, '9': 873, '12': 467, '15': 698, '17': 247, '14': 117, '6': 754, '4': 1146, '3': 424, '11': 123} {'enode://1@127.0.0.1:1234': -5, 'enode://2@127.0.0.1:1235': -8, 'enode://3@127.0.0.1:1236': -4, 'enode://4@127.0.0.1:1237': -3, 'enode://5@127.0.0.1:1238': -6, 'enode://6@127.0.0.1:1239': -9, 'enode://7@127.0.0.1:1240': 0, 'enode://8@127.0.0.1:1241': 1, 'enode://9@127.0.0.1:1242': 0, 'enode://10@127.0.0.1:1243': 0, 'enode://11@127.0.0.1:1244': 2, 'enode://12@127.0.0.1:1245': 0, 'enode://13@127.0.0.1:1246': -2, 'enode://14@127.0.0.1:1247': -10, 'enode://15@127.0.0.1:1248': 0, 'enode://16@127.0.0.1:1249': 3, 'enode://17@127.0.0.1:1250': 0, 'enode://18@127.0.0.1:1251': 3, 'enode://19@127.0.0.1:1252': -7, 'enode://20@127.0.0.1:1253': -1}
8 1786626531.093 9571 None {'18': 215, '0': 0, '1': 75, '2': 401, '7': 628, '16': 214, '13': 70, '20': 696, '19': 399, '8': 303, '5': 1134, '10': 387, '9': 873, '12': 467, '15': 698, '17': 247, '14': 226, '6': 754, '4': 1146, '3': 424, '11': 123} {'enode://1@127.0.0.1:1234': -4, 'enode://2@127.0.0.1:1235': -7, 'enode://3@127.0.0.1:1236': -3, 'enode://4@127.0.0.1:1237': -2, 'enode://5@127.0.0.1:1238': -5, 'enode://6@127.0.0.1:1239': -8, 'enode://7@127.0.0.1:1240': 0, 'enode://8@127.0.0.1:1241': 1, 'enode://9@127.0.0.1:1242': 0, 'enode://10@127.0.0.1:1243': 0, 'enode://11@127.0.0.1:1244': 3, 'enode://12@127.0.0.1:1245': 0, 'enode://13@127.0.0.1:1246': -1, 'enode://14@127.0.0.1:1247': -9, 'enode://15@127.0.0.1:1248': 0, 'enode://16@127.0.0.1:1249': 3, 'enode://17@127.0.0.1:1250': 0, 'enode://18@127.0.0.1:1251': -10, 'enode://19@127.0.0.1:1252': -6, 'enode://20@127.0.0.1:1253': 0}
8 1786626531.093 9592 None {'18': 250, '0': 0, '1': 75, '2': 401, '7': 628, '16': 214, '13': 70, '20': 696, '19': 399, '8': 303, '5': 1134, '10': 387, '9': 873, '12': 467, '15': 698, '17': 247, '14': 226, '6': 754, '4': 1146, '3': 424, '11': 123} {'enode://1@127.0.0.1:1234': -3, 'enode://2@127.0.0.1:1235': -6, 'enode://3@127.0.0.1:1236': -2, 'enode://4@127.0.0.1:1237': -1, 'enode://5@127.0.0.1:1238': -4, 'enode://6@127.0.0.1:1239': -7, 'enode://7@127.0.0.1:1240': 0, 'enode://8@127.0.0.1:1241': 1, 'enode://9@127.0.0.1:1242': 0, 'enode://10@127.0.0.1:1243': 0, 'enode://11@127.0.0.1:1244': -10, 'enode://12@127.0.0.1:1245': 0, 'enode://13@127.0.0.1:1246': 0, 'enode://14@127.0.0.1:1247': -8, 'enode://15@127.0.0.1:1248': 0, 'enode://16@127.0.0.1:1249': 3, 'enode://17@127.0.0.1:1250': 0, 'enode://18@127.0.0.1:1251': -9, 'enode://19@127.0.0.1:1252': -5, 'enode://20@127.0.0.1:1253': 0}
8 1786626531.093 9615 None {'18': 250, '0': 0, '1': 75, '2': 401, '7': 628, '16': 214, '13': 70, '20': 696, '19': 399, '8': 303, '5': 1134, '10': 387, '9': 873, '12': 467, '15': 698, '17': 247, '14': 226, '6': 754, '4': 1146, '3': 424, '11': 143} {'enode://1@127.0.0.1:1234': -2, 'enode://2@127.0.0.1:1235': -5, 'enode://3@127.0.0.1:1236': -1, 'enode://4@127.0.0.1:1237': 0, 'enode://5@127.0.0.1:1238': -3, 'enode://6@127.0.0.1:1239': -6, 'enode://7@127.0.0.1:1240': 0, 'enode://8@127.0.0.1:1241': 2, 'enode://9@127.0.0.1:1242': 0, 'enode://10@127.0.0.1:1243': 0, 'enode://11@127.0.0.1:1244': -9, 'enode://12@127.0.0.1:1245': 0, 'enode://13@127.0.0.1:1246': 0, 'enode://14@127.0.0.1:1247': -7, 'enode://15@127.0.0.1:1248': 0, 'enode://16@127.0.0.1:1249': -10, 'enode://17@127.0.0.1:1250': 0, 'enode://18@127.0.0.1:1251': -8, 'enode://19@127.0.0.1:1252': -4, 'enode://20@127.0.0.1:1253': 0}
8 1786626531.093 9660 None {'18': 250, '0': 0, '1': 75, '2': 401, '7': 628, '16': 236, '13': 70, '20': 696, '19': 399, '8': 303, '5': 1134, '10': 387, '9': 873, '12': 467, '15': 698, '17': 247, '14': 226, '6': 754, '4': 1146, '3': 424, '11': 143} {'enode://1@127.0.0.1:1234': -1, 'enode://2@127.0.0.1:1235': -4, 'enode://3@127.0.0.1:1236': 0, 'enode://4@127.0.0.1:1237': 0, 'enode://5@127.0.0.1:1238': -2, 'enode://6@127.0.0.1:1239': -5, 'enode://7@127.0.0.1:1240': 0, 'enode://8@127.0.0.1:1241': -10, 'enode://9@127.0.0.1:1242': 0, 'enode://10@127.0.0.1:1243': 0, 'enode://11@127.0.0.1:1244': -8, 'enode://12@127.0.0.1:1245': 0, 'enode://13@127.0.0.1:1246': 0, 'enode://14@127.0.0.1:1247': -6, 'enode://15@127.0.0.1:1248': 0, 'enode://16@127.0.0.1:1249': -9, 'enode://17@127.0.0.1:1250': 0, 'enode://18@127.0.0.1:1251': -7, 'enode://19@127.0.0.1:1252': -3, 'enode://20@127.0.0.1:1253': 0}
8 1786626531.093 10848 None {'18': 250, '0': 0, '1': 75, '2': 401, '7': 628, '16': 236, '13': 70, '20': 696, '19': 399, '8': 347, '5': 1134, '10': 387, '9': 873, '12': 467, '15': 698, '17': 247, '14': 226, '6': 754, '4': 1146, '3': 424, '11': 143} {'enode://1@127.0.0.1:1234': 0, 'enode://2@127.0.0.1:1235': -3, 'enode://3@127.0.0.1:1236': -10, 'enode://4@127.0.0.1:1237': 3, 'enode://5@127.0.0.1:1238': -1, 'enode://6@127.0.0.1:1239': -4, 'enode://7@127.0.0.1:1240': 3, 'enode://8@127.0.0.1:1241': -9, 'enode://9@127.0.0.1:1242': 5, 'enode://10@127.0.0.1:1243': 2, 'enode://11@127.0.0.1:1244': -7, 'enode://12@127.0.0.1:1245': 2, 'enode://13@127.0.0.1:1246': 2, 'enode://14@127.0.0.1:1247': -5, 'enode://15@127.0.0.1:1248': 0, 'enode://16@127.0.0.1:1249': -8, 'enode://17@127.0.0.1:1250': 4, 'enode://18@127.0.0.1:1251': -6, 'enode://19@127.0.0.1:1252': -2, 'enode://20@127.0.0.1:1253': 0}
8 1786626531.093 11252 None {'18': 250, '0': 0, '1': 75, '2': 401, '7': 628, '16': 236, '13': 70, '20': 696, '19': 399, '8': 347, '5': 1134, '10': 387, '9': 873, '12': 467, '15': 698, '17': 247, '14': 226, '6': 754, '4': 1146, '3': 1611, '11': 143} {'enode://1@127.0.0.1:1234': 4, 'enode://2@127.0.0.1:1235': -2, 'enode://3@127.0.0.1:1236': -9, 'enode://4@127.0.0.1:1237': 3, 'enode://5@127.0.0.1:1238': 0, 'enode://6@127.0.0.1:1239': -3, 'enode://7@127.0.0.1:1240': 1, 'enode://8@127.0.0.1:1241': -8, 'enode://9@127.0.0.1:1242': -10, 'enode://10@127.0.0.1:1243': 0, 'enode://11@127.0.0.1:1244': -6, 'enode://12@127.0.0.1:1245': 1, 'enode://13@127.0.0.1:1246': 1, 'enode://14@127.0.0.1:1247': -4, 'enode://15@127.0.0.1:1248': 0, 'enode://16@127.0.0.1:1249': -7, 'enode://17@127.0.0.1:1250': 2, 'enode://18@127.0.0.1:1251': -5, 'enode://19@127.0.0.1:1252': -1, 'enode://20@127.0.0.1:1253': 0}
8 1786626531.093 11269 None {'18': 250, '0': 0, '1': 75, '2': 401, '7': 628, '16': 236, '13': 70, '20': 696, '19': 399, '8': 347, '5': 1134, '10': 387, '9': 1276, '12': 467, '15': 698, '17': 247, '14': 226, '6': 754, '4': 1146, '3': 1611, '11': 143} {'enode://1@127.0.0.1:1234': -10, 'enode://2@127.0.0.1:1235': -1, 'enode://3@127.0.0.1:1236': -8, 'enode://4@127.0.0.1:1237': 3, 'enode://5@127.0.0.1:1238': 1, 'enode://6@127.0.0.1:1239': -2, 'enode://7@127.0.0.1:1240': 1, 'enode://8@127.0.0.1:1241': -7, 'enode://9@127.0.0.1:1242': -9, 'enode://10@127.0.0.1:1243': 0, 'enode://11@127.0.0.1:1244': -5, 'enode://12@127.0.0.1:1245': 1, 'enode://13@127.0.0.1:1246': 1, 'enode://14@127.0.0.1:1247': -3, 'enode://15@127.0.0.1:1248': 0, 'enode://16@127.0.0.1:1249': -6, 'enode://17@127.0.0.1:1250': 1, 'enode://18@127.0.0.1:1251': -4, 'enode://19@127.0.0.1:1252': 0, 'enode://20@127.0.0.1:1253': 0}
8 1786626531.093 11437 None {'18': 250, '0': 0, '1': 91, '2': 401, '7': 628, '16': 236, '13': 70, '20': 696, '19': 399, '8': 347, '5': 1134, '10': 387, '9': 1276, '12': 467, '15': 698, '17': 247, '14': 226, '6': 754, '4': 1146, '3': 1611, '11': 143} {'enode://1@127.0.0.1:1234': -9, 'enode://2@127.0.0.1:1235': 0, 'enode://3@127.0.0.1:1236': -7, 'enode://4@127.0.0.1:1237': 5, 'enode://5@127.0.0.1:1238': 4, 'enode://6@127.0.0.1:1239': -1, 'enode://7@127.0.0.1:1240': -10, 'enode://8@127.0.0.1:1241': -6, 'enode://9@127.0.0.1:1242': -8, 'enode://10@127.0.0.1:1243': 0, 'enode://11@127.0.0.1:1244': -4, 'enode://12@127.0.0.1:1245': 4, 'enode://13@127.0.0.1:1246': 3, 'enode://14@127.0.0.1:1247': -2, 'enode://15@127.0.0.1:1248': 0, 'enode://16@127.0.0.1:1249': -5, 'enode://17@127.0.0.1:1250': 3, 'enode://18@127.0.0.1:1251': -3, 'enode://19@127.0.0.1:1252': 6, 'enode://20@127.0.0.1:1253': 0}
8 1786626531.093 11544 None {'18': 250, '0': 0, '1': 91, '2': 401, '7': 795, '16': 236, '13': 70, '20': 696, '19': 399, '8': 347, '5': 1134, '10': 387, '9': 1276, '12': 467, '15': 698, '17': 247, '14': 226, '6': 754, '4': 1146, '3': 1611, '11': 143} {'enode://1@127.0.0.1:1234': -8, 'enode://2@127.0.0.1:1235': 0, 'enode://3@127.0.0.1:1236': -6, 'enode://4@127.0.0.1:1237': 5, 'enode://5@127.0.0.1:1238': 3, 'enode://6@127.0.0.1:1239': 0, 'enode://7@127.0.0.1:1240': -9, 'enode://8@127.0.0.1:1241': -5, 'enode://9@127.0.0.1:1242': -7, 'enode://10@127.0.0.1:1243': 0, 'enode://11@127.0.0.1:1244': -3, 'enode://12@127.0.0.1:1245': 4, 'enode://13@127.0.0.1:1246': 3, 'enode://14@127.0.0.1:1247': -1, 'enode://15@127.0.0.1:1248': 0, 'enode://16@127.0.0.1:1249': -4, 'enode://17@127.0.0.1:1250': 4, 'enode://18@127.0.0.1:1251': -2, 'enode://19@127.0.0.1:1252': -10, 'enode://20@127.0.0.1:1253': 0}
8 1786626531.093 11632 None {'18': 250, '0': 0, '1': 91, '2': 401, '7': 795, '16': 236, '13': 70, '20': 696, '19': 505, '8': 347, '5': 1134, '10': 387, '9': 1276, '12': 467, '15': 698, '17': 247, '14': 226, '6': 754, '4': 1146, '3': 1611, '11': 143} {'enode://1@127.0.0.1:1234': -7, 'enode://2@127.0.0.1:1235': 0, 'enode://3@127.0.0.1:1236': -5, 'enode://4@127.0.0.1:1237': -10, 'enode://5@127.0.0.1:1238': 3, 'enode://6@127.0.0.1:1239': 5, 'enode://7@127.0.0.1:1240': -8, 'enode://8@127.0.0.1:1241': -4, 'enode://9@127.0.0.1:1242': -6, 'enode://10@127.0.0.1:1243': 0, 'enode://11@127.0.0.1:1244': -2, 'enode://12@127.0.0.1:1245': 2, 'enode://13@127.0.0.1:1246': 2, 'enode://14@127.0.0.1:1247': 0, 'enode://15@127.0.0.1:1248': 0, 'enode://16@127.0.0.1:1249': -3, 'enode://17@127.0.0.1:1250': 5, 'enode://18@127.0.0.1:1251': -1, 'enode://19@127.0.0.1:1252': -9, 'enode://20@127.0.0.1:1253': 0}
8 1786626531.093 11638 None {'18': 250, '0': 0, '1': 91, '2': 401, '7': 795, '16': 236, '13': 70, '20': 696, '19': 505, '8': 347, '5': 1134, '10': 387, '9': 1276, '12': 467, '15': 698, '17': 247, '14': 226, '6': 754, '4': 1233, '3': 1611, '11': 143} {'enode://1@127.0.0.1:1234': -6, 'enode://2@127.0.0.1:1235': 0, 'enode://3@127.0.0.1:1236': -4, 'enode://4@127.0.0.1:1237': -9, 'enode://5@127.0.0.1:1238': 0, 'enode://6@127.0.0.1:1239': 3, 'enode://7@127.0.0.1:1240': -7, 'enode://8@127.0.0.1:1241': -3, 'enode://9@127.0.0.1:1242': -5, 'enode://10@127.0.0.1:1243': 0, 'enode://11@127.0.0.1:1244': -1, 'enode://12@127.0.0.1:1245': 0, 'enode://13@127.0.0.1:1246': 0, 'enode://14@127.0.0.1:1247': 3, 'enode://15@127.0.0.1:1248': 0, 'enode://16@127.0.0.1:1249': -2, 'enode://17@127.0.0.1:1250': -10, 'enode://18@127.0.0.1:1251': 0, 'enode://19@127.0.0.1:1252': -8, 'enode://20@127.0.0.1:1253': 0}
8 1786626531.093 11918 None {'18': 250, '0': 0, '1': 91, '2': 401, '7': 795, '16': 236, '13': 70, '20': 696, '19': 505, '8': 347, '5': 1134, '10': 387, '9': 1276, '12': 467, '15': 698, '17': 252, '14': 226, '6': 754, '4': 1233, '3': 1611, '11': 143} {'enode://1@127.0.0.1:1234': -5, 'enode://2@127.0.0.1:1235': 2, 'enode://3@127.0.0.1:1236': -3, 'enode://4@127.0.0.1:1237': -8, 'enode://5@127.0.0.1:1238': 3, 'enode://6@127.0.0.1:1239': 4, 'enode://7@127.0.0.1:1240': -6, 'enode://8@127.0.0.1:1241': -2, 'enode://9@127.0.0.1:1242': -4, 'enode://10@127.0.0.1:1243': 1, 'enode://11@127.0.0.1:1244': 0, 'enode://12@127.0.0.1:1245': 3, 'enode://13@127.0.0.1:1246': 1, 'enode://14@127.0.0.1:1247': -10, 'enode://15@127.0.0.1:1248': 0, 'enode://16@127.0.0.1:1249': -1, 'enode://17@127.0.0.1:1250': -9, 'enode://18@127.0.0.1:1251': 2, 'enode://19@127.0.0.1:1252': -7, 'enode://20@127.0.0.1:1253': 0}
8 1786626531.094 12047 None {'18': 250, '0': 0, '1': 91, '2': 401, '7': 795, '16': 236, '13': 70, '20': 696, '19': 505, '8': 347, '5': 1134, '10': 387, '9': 1276, '12': 467, '15': 698, '17': 252, '14': 505, '6': 754, '4': 1233, '3': 1611, '11': 143} {'enode://1@127.0.0.1:1234': -4, 'enode://2@127.0.0.1:1235': 0, 'enode://3@127.0.0.1:1236': -2, 'enode://4@127.0.0.1:1237': -7, 'enode://5@127.0.0.1:1238': 0, 'enode://6@127.0.0.1:1239': 0, 'enode://7@127.0.0.1:1240': -5, 'enode://8@127.0.0.1:1241': -1, 'enode://9@127.0.0.1:1242': -3, 'enode://10@127.0.0.1:1243': 1, 'enode://11@127.0.0.1:1244': 0, 'enode://12@127.0.0.1:1245': -10, 'enode://13@127.0.0.1:1246': 0, 'enode://14@127.0.0.1:1247': -9, 'enode://15@127.0.0.1:1248': 0, 'enode://16@127.0.0.1:1249': 0, 'enode://17@127.0.0.1:1250': -8, 'enode://18@127.0.0.1:1251': 1, 'enode://19@127.0.0.1:1252': -6, 'enode://20@127.0.0.1:1253': 0}
8 1786626531.094 12146 None {'18': 250, '0': 0, '1': 91, '2': 401, '7': 795, '16': 236, '13': 70, '20': 696, '19': 505, '8': 347, '5': 1134, '10': 387, '9': 1276, '12': 595, '15': 698, '17': 252, '14': 505, '6': 754, '4': 1233, '3': 1611, '11': 143} {'enode://1@127.0.0.1:1234': -3, 'enode://2@127.0.0.1:1235': 0, 'enode://3@127.0.0.1:1236': -1, 'enode://4@127.0.0.1:1237': -6, 'enode://5@127.0.0.1:1238': 0, 'enode://6@127.0.0.1:1239': 0, 'enode://7@127.0.0.1:1240': -4, 'enode://8@127.0.0.1:1241': 0, 'enode://9@127.0.0.1:1242': -2, 'enode://10@127.0.0.1:1243': -10, 'enode://11@127.0.0.1:1244': 1, 'enode://12@127.0.0.1:1245': -9, 'enode://13@127.0.0.1:1246': 0, 'enode://14@127.0.0.1:1247': -8, 'enode://15@127.0.0.1:1248': 0, 'enode://16@127.0.0.1:1249': 4, 'enode://17@127.0.0.1:1250': -7, 'enode://18@127.0.0.1:1251': 0, 'enode://19@127.0.0.1:1252': -5, 'enode://20@127.0.0.1:1253': 0}
8 1786626531.094 12215 None {'18': 250, '0': 0, '1': 91, '2': 401, '7': 795, '16': 236, '13': 70, '20': 696, '19': 505, '8': 347, '5': 1134, '10': 485, '9': 1276, '12': 595, '15': 698, '17': 252, '14': 505, '6': 754, '4': 1233, '3': 1611, '11': 143} {'enode://1@127.0.0.1:1234': -2, 'enode://2@127.0.0.1:1235': 0, 'enode://3@127.0.0.1:1236': 0, 'enode://4@127.0.0.1:1237': -5, 'enode://5@127.0.0.1:1238': 2, 'enode://6@127.0.0.1:1239': 0, 'enode://7@127.0.0.1:1240': -3, 'enode://8@127.0.0.1:1241': 4, 'enode://9@127.0.0.1:1242': -1, 'enode://10@127.0.0.1:1243': -9, 'enode://11@127.0.0.1:1244': 0, 'enode://12@127.0.0.1:1245': -8, 'enode://13@127.0.0.1:1246': 0, 'enode://14@127.0.0.1:1247': -7, 'enode://15@127.0.0.1:1248': 0, 'enode://16@127.0.0.1:1249': -10, 'enode://17@127.0.0.1:1250': -6, 'enode://18@127.0.0.1:1251': 1, 'enode://19@127.0.0.1:1252': -4, 'enode://20@127.0.0.1:1253': 2}
8 1786626531.094 12353 None {'18': 250, '0': 0, '1': 91, '2': 401, '7': 795, '16': 304, '13': 70, '20': 696, '19': 505, '8': 347, '5': 1134, '10': 485, '9': 1276, '12': 595, '15': 698, '17': 252, '14': 505, '6': 754, '4': 1233, '3': 1611, '11': 143} {'enode://1@127.0.0.1:1234': -1, 'enode://2@127.0.0.1:1235': 0, 'enode://3@127.0.0.1:1236': 0, 'enode://4@127.0.0.1:1237': -4, 'enode://5@127.0.0.1:1238': 2, 'enode://6@127.0.0.1:1239': 0, 'enode://7@127.0.0.1:1240': -2, 'enode://8@127.0.0.1:1241': -10, 'enode://9@127.0.0.1:1242': 0, 'enode://10@127.0.0.1:1243': -8, 'enode://11@127.0.0.1:1244': 0, 'enode://12@127.0.0.1:1245': -7, 'enode://13@127.0.0.1:1246': 0, 'enode://14@127.0.0.1:1247': -6, 'enode://15@127.0.0.1:1248': 0, 'enode://16@127.0.0.1:1249': -9, 'enode://17@127.0.0.1:1250': -5, 'enode://18@127.0.0.1:1251': 1, 'enode://19@127.0.0.1:1252': -3, 'enode://20@127.0.0.1:1253': 5}
8 1786626531.094 12525 None {'18': 250, '0': 0, '1': 91, '2': 401, '7': 795, '16': 304, '13': 70, '20': 696, '19': 505, '8': 484, '5': 1134, '10': 485, '9': 1276, '12': 595, '15': 698, '17': 252, '14': 505, '6': 754, '4': 1233, '3': 1611, '11': 143} {'enode://1@127.0.0.1:1234': 0, 'enode://2@127.0.0.1:1235': 0, 'enode://3@127.0.0.1:1236': 0, 'enode://4@127.0.0.1:1237': -3, 'enode://5@127.0.0.1:1238': -10, 'enode://6@127.0.0.1:1239': 0, 'enode://7@127.0.0.1:1240': -1, 'enode://8@127.0.0.1:1241': -9, 'enode://9@127.0.0.1:1242': 4, 'enode://10@127.0.0.1:1243': -7, 'enode://11@127.0.0.1:1244': 0, 'enode://12@127.0.0.1:1245': -6, 'enode://13@127.0.0.1:1246': 0, 'enode://14@127.0.0.1:1247': -5, 'enode://15@127.0.0.1:1248': 0, 'enode://16@127.0.0.1:1249': -8, 'enode://17@127.0.0.1:1250': -4, 'enode://18@127.0.0.1:1251': 0, 'enode://19@127.0.0.1:1252': -2, 'enode://20@127.0.0.1:1253': 4}
8 1786626531.094 12857 None {'18': 250, '0': 0, '1': 91, '2': 401, '7': 795, '16': 304, '13': 70, '20': 696, '19': 505, '8': 484, '5': 1305, '10': 485, '9': 1276, '12': 595, '15': 698, '17': 252, '14': 505, '6': 754, '4': 1233, '3': 1611, '11': 143} {'enode://1@127.0.0.1:1234': 0, 'enode://2@127.0.0.1:1235': 3, 'enode://3@127.0.0.1:1236': 0, 'enode://4@127.0.0.1:1237': -2, 'enode://5@127.0.0.1:1238': -9, 'enode://6@127.0.0.1:1239': 0, 'enode://7@127.0.0.1:1240': 0, 'enode://8@127.0.0.1:1241': -8, 'enode://9@127.0.0.1:1242': -10, 'enode://10@127.0.0.1:1243': -6, 'enode://11@127.0.0.1:1244': 0, 'enode://12@127.0.0.1:1245': -5, 'enode://13@127.0.0.1:1246': 4, 'enode://14@127.0.0.1:1247': -4, 'enode://15@127.0.0.1:1248': 0, 'enode://16@127.0.0.1:1249': -7, 'enode://17@127.0.0.1:1250': -3, 'enode://18@127.0.0.1:1251': 3, 'enode://19@127.0.0.1:1252': -1, 'enode://20@127.0.0.1:1253': 0}
8 1786626531.094 12862 None {'18': 250, '0': 0, '1': 91, '2': 401, '7': 795, '16': 304, '13': 70, '20': 696, '19': 505, '8': 484, '5': 1305, '10': 485, '9': 1607, '12': 595, '15': 698, '17': 252, '14': 505, '6': 754, '4': 1233, '3': 1611, '11': 143} {'enode://1@127.0.0.1:1234': 0, 'enode://2@127.0.0.1:1235': 0, 'enode://3@127.0.0.1:1236': 0, 'enode://4@127.0.0.1:1237': -1, 'enode://5@127.0.0.1:1238': -8, 'enode://6@127.0.0.1:1239': 0, 'enode://7@127.0.0.1:1240': 0, 'enode://8@127.0.0.1:1241': -7, 'enode://9@127.0.0.1:1242': -9, 'enode://10@127.0.0.1:1243': -5, 'enode://11@127.0.0.1:1244': 0, 'enode://12@127.0.0.1:1245': -4, 'enode://13@127.0.0.1:1246': -10, 'enode://14@127.0.0.1:1247': -3, 'enode://15@127.0.0.1:1248': 0, 'enode://16@127.0.0.1:1249': -6, 'enode://17@127.0.0.1:1250': -2, 'enode://18@127.0.0.1:1251': 1, 'enode://19@127.0.0.1:1252': 0, 'enode://20@127.0.0.1:1253': 0}
8 1786626531.094 12895 None {'18': 250, '0': 0, '1': 91, '2': 401, '7': 795, '16': 304, '13': 74, '20': 696, '19': 505, '8': 484, '5': 1305, '10': 485, '9': 1607, '12': 595, '15': 698, '17': 252, '14': 505, '6': 754, '4': 1233, '3': 1611, '11': 143} {'enode://1@127.0.0.1:1234': 0, 'enode://2@127.0.0.1:1235': 0, 'enode://3@127.0.0.1:1236': 0, 'enode://4@127.0.0.1:1237': 0, 'enode://5@127.0.0.1:1238': -7, 'enode://6@127.0.0.1:1239': 0, 'enode://7@127.0.0.1:1240': 0, 'enode://8@127.0.0.1:1241': -6, 'enode://9@127.0.0.1:1242': -8, 'enode://10@127.0.0.1:1243': -4, 'enode://11@127.0.0.1:1244': 0, 'enode://12@127.0.0.1:1245': -3, 'enode://13@127.0.0.1:1246': -9, 'enode://14@127.0.0.1:1247': -2, 'enode://15@127.0.0.1:1248': 0, 'enode://16@127.0.0.1:1249': -5, 'enode://17@127.0.0.1:1250': -1, 'enode://18@127.0.0.1:1251': -10, 'enode://19@127.0.0.1:1252': 0, 'enode://20@127.0.0.1:1253': 0}
8 1786626531.094 13101 None {'18': 282, '0': 0, '1': 91, '2': 401, '7': 795, '16': 304, '13': 74, '20': 696, '19': 505, '8': 484, '5': 1305, '10': 485, '9': 1607, '12': 595, '15': 698, '17': 252, '14': 505, '6': 754, '4': 1233, '3': 1611, '11': 143} {'enode://1@127.0.0.1:1234': 0, 'enode://2@127.0.0.1:1235': 0, 'enode://3@127.0.0.1:1236': 0, 'enode://4@127.0.0.1:1237': -10, 'enode://5@127.0.0.1:1238': -6, 'enode://6@127.0.0.1:1239': 0, 'enode://7@127.0.0.1:1240': 0, 'enode://8@127.0.0.1:1241': -5, 'enode://9@127.0.0.1:1242': -7, 'enode://10@127.0.0.1:1243': -3, 'enode://11@127.0.0.1:1244': 3, 'enode://12@127.0.0.1:1245': -2, 'enode://13@127.0.0.1:1246': -8, 'enode://14@127.0.0.1:1247': -1, 'enode://15@127.0.0.1:1248': 3, 'enode://16@127.0.0.1:1249': -4, 'enode://17@127.0.0.1:1250': 0, 'enode://18@127.0.0.1:1251': -9, 'enode://19@127.0.0.1:1252': 0, 'enode://20@127.0.0.1:1253': 4}
8 1786626531.094 13137 None {'18': 282, '0': 0, '1': 91, '2': 401, '7': 795, '16': 304, '13': 74, '20': 696, '19': 505, '8': 484, '5': 1305, '10': 485, '9': 1607, '12': 595, '15': 698, '17': 252, '14': 505, '6': 754, '4': 1438, '3': 1611, '11': 143} {'enode://1@127.0.0.1:1234': 0, 'enode://2@127.0.0.1:1235': 0, 'enode://3@127.0.0.1:1236': 0, 'enode://4@127.0.0.1:1237': -9, 'enode://5@127.0.0.1:1238': -5, 'enode://6@127.0.0.1:1239': 0, 'enode://7@127.0.0.1:1240': 0, 'enode://8@127.0.0.1:1241': -4, 'enode://9@127.0.0.1:1242': -6, 'enode://10@127.0.0.1:1243': -2, 'enode://11@127.0.0.1:1244': 3, 'enode://12@127.0.0.1:1245': -1, 'enode://13@127.0.0.1:1246': -7, 'enode://14@127.0.0.1:1247': 0, 'enode://15@127.0.0.1:1248': 3, 'enode://16@127.0.0.1:1249': -3, 'enode://17@127.0.0.1:1250': 0, 'enode://18@127.0.0.1:1251': -8, 'enode://19@127.0.0.1:1252': 0, 'enode://20@127.0.0.1:1253': -10}
8 1786626531.094 13152 None {'18': 282, '0': 0, '1': 91, '2': 401, '7': 795, '16': 304, '13': 74, '20': 731, '19': 505, '8': 484, '5': 1305, '10': 485, '9': 1607, '12': 595, '15': 698, '17': 252, '14': 505, '6': 754, '4': 1438, '3': 1611, '11': 143} {'enode://1@127.0.0.1:1234': 0, 'enode://2@127.0.0.1:1235': 0, 'enode://3@127.0.0.1:1236': 0, 'enode://4@127.0.0.1:1237': -8, 'enode://5@127.0.0.1:1238': -4, 'enode://6@127.0.0.1:1239': 0, 'enode://7@127.0.0.1:1240': 0, 'enode://8@127.0.0.1:1241': -3, 'enode://9@127.0.0.1:1242': -5, 'enode://10@127.0.0.1:1243': -1, 'enode://11@127.0.0.1:1244': -10, 'enode://12@127.0.0.1:1245': 0, 'enode://13@127.0.0.1:1246': -6, 'enode://14@127.0.0.1:1247': 0, 'enode://15@127.0.0.1:1248': 2, 'enode://16@127.0.0.1:1249': -2, 'enode://17@127.0.0.1:1250': 0, 'enode://18@127.0.0.1:1251': -7, 'enode://19@127.0.0.1:1252': 0, 'enode://20@127.0.0.1:1253': -9}
8 1786626531.094 13156 None {'18': 282, '0': 0, '1': 91, '2': 401, '7': 795, '16': 304, '13': 74, '20': 731, '19': 505, '8': 484, '5': 1305, '10': 485, '9': 1607, '12': 595, '15': 698, '17': 252, '14': 505, '6': 754, '4': 1438, '3': 1611, '11': 157} {'enode://1@127.0.0.1:1234': 0, 'enode://2@127.0.0.1:1235': 0, 'enode://3@127.0.0.1:1236': 0, 'enode://4@127.0.0.1:1237': -7, 'enode://5@127.0.0.1:1238': -3, 'enode://6@127.0.0.1:1239': 0, 'enode://7@127.0.0.1:1240': 0, 'enode://8@127.0.0.1:1241': -2, 'enode://9@127.0.0.1:1242': -4, 'enode://10@127.0.0.1:1243': 0, 'enode://11@127.0.0.1:1244': -9, 'enode://12@127.0.0.1:1245': 3, 'enode://13@127.0.0.1:1246': -5, 'enode://14@127.0.0.1:1247': 0, 'enode://15@127.0.0.1:1248': -10, 'enode://16@127.0.0.1:1249': -1, 'enode://17@127.0.0.1:1250': 0, 'enode://18@127.0.0.1:1251': -6, 'enode://19@127.0.0.1:1252': 0, 'enode://20@127.0.0.1:1253': -8}
8 1786626531.094 13611 None {'18': 282, '0': 0, '1': 91, '2': 401, '7': 795, '16': 304, '13': 74, '20': 731, '19': 505, '8': 484, '5': 1305, '10': 485, '9': 1607, '12': 595, '15': 701, '17': 252, '14': 505, '6': 754, '4': 1438, '3': 1611, '11': 157} {'enode://1@127.0.0.1:1234': 0, 'enode://2@127.0.0.1:1235': 7, 'enode://3@127.0.0.1:1236': -10, 'enode://4@127.0.0.1:1237': -6, 'enode://5@127.0.0.1:1238': -2, 'enode://6@127.0.0.1:1239': 2, 'enode://7@127.0.0.1:1240': 0, 'enode://8@127.0.0.1:1241': -1, 'enode://9@127.0.0.1:1242': -3, 'enode://10@127.0.0.1:1243': 9, 'enode://11@127.0.0.1:1244': -8, 'enode://12@127.0.0.1:1245': 4, 'enode://13@127.0.0.1:1246': -4, 'enode://14@127.0.0.1:1247': 0, 'enode://15@127.0.0.1:1248': -9, 'enode://16@127.0.0.1:1249': 0, 'enode://17@127.0.0.1:1250': 0, 'enode://18@127.0.0.1:1251': -5, 'enode://19@127.0.0.1:1252': 0, 'enode://20@127.0.0.1:1253': -7}
8 1786626531.094 13640 None {'18': 282, '0': 0, '1': 91, '2': 401, '7': 795, '16': 304, '13': 74, '20': 731, '19': 505, '8': 484, '5': 1305, '10': 485, '9': 1607, '12': 595, '15': 701, '17': 252, '14': 505, '6': 754, '4': 1438, '3': 2065, '11': 157} {'enode://1@127.0.0.1:1234': 0, 'enode://2@127.0.0.1:1235': 6, 'enode://3@127.0.0.1:1236': -9, 'enode://4@127.0.0.1:1237': -5, 'enode://5@127.0.0.1:1238': -1, 'enode://6@127.0.0.1:1239': 0, 'enode://7@127.0.0.1:1240': 0, 'enode://8@127.0.0.1:1241': 0, 'enode://9@127.0.0.1:1242': -2, 'enode://10@127.0.0.1:1243': -10, 'enode://11@127.0.0.1:1244': -7, 'enode://12@127.0.0.1:1245': 0, 'enode://13@127.0.0.1:1246': -3, 'enode://14@127.0.0.1:1247': 0, 'enode://15@127.0.0.1:1248': -8, 'enode://16@127.0.0.1:1249': 0, 'enode://17@127.0.0.1:1250': 0, 'enode://18@127.0.0.1:1251': -4, 'enode://19@127.0.0.1:1252': 0, 'enode://20@127.0.0.1:1253': -6}
8 1786626531.094 13694 None {'18': 282, '0': 0, '1': 91, '2': 401, '7': 795, '16': 304, '13': 74, '20': 731, '19': 505, '8': 484, '5': 1305, '10': 513, '9': 1607, '12': 595, '15': 701, '17': 252, '14': 505, '6': 754, '4': 1438, '3': 2065, '11': 157} {'enode://1@127.0.0.1:1234': 0, 'enode://2@127.0.0.1:1235': -10, 'enode://3@127.0.0.1:1236': -8, 'enode://4@127.0.0.1:1237': -4, 'enode://5@127.0.0.1:1238': 0, 'enode://6@127.0.0.1:1239': 0, 'enode://7@127.0.0.1:1240': 0, 'enode://8@127.0.0.1:1241': 5, 'enode://9@127.0.0.1:1242': -1, 'enode://10@127.0.0.1:1243': -9, 'enode://11@127.0.0.1:1244': -6, 'enode://12@127.0.0.1:1245': 0, 'enode://13@127.0.0.1:1246': -2, 'enode://14@127.0.0.1:1247': 0, 'enode://15@127.0.0.1:1248': -7, 'enode://16@127.0.0.1:1249': 0, 'enode://17@127.0.0.1:1250': 0, 'enode://18@127.0.0.1:1251': -3, 'enode://19@127.0.0.1:1252': 0, 'enode://20@127.0.0.1:1253': -5}
8 1786626531.095 13701 None {'18': 282, '0': 0, '1': 91, '2': 454, '7': 795, '16': 304, '13': 74, '20': 731, '19': 505, '8': 484, '5': 1305, '10': 513, '9': 1607, '12': 595, '15': 701, '17': 252, '14': 505, '6': 754, '4': 1438, '3': 2065, '11': 157} {'enode://1@127.0.0.1:1234': 0, 'enode://2@127.0.0.1:1235': -9, 'enode://3@127.0.0.1:1236': -7, 'enode://4@127.0.0.1:1237': -3, 'enode://5@127.0.0.1:1238': 0, 'enode://6@127.0.0.1:1239': 0, 'enode://7@127.0.0.1:1240': 0, 'enode://8@127.0.0.1:1241': -10, 'enode://9@127.0.0.1:1242': 0, 'enode://10@127.0.0.1:1243': -8, 'enode://11@127.0.0.1:1244': -5, 'enode://12@127.0.0.1:1245': 1, 'enode://13@127.0.0.1:1246': -1, 'enode://14@127.0.0.1:1247': 0, 'enode://15@127.0.0.1:1248': -6, 'enode://16@127.0.0.1:1249': 0, 'enode://17@127.0.0.1:1250': 0, 'enode://18@127.0.0.1:1251': -2, 'enode://19@127.0.0.1:1252': 0, 'enode://20@127.0.0.1:1253': -4}
8 1786626531.095 13769 None {'18': 282, '0': 0, '1': 91, '2': 454, '7': 795, '16': 304, '13': 74, '20': 731, '19': 505, '8': 490, '5': 1305, '10': 513, '9': 1607, '12': 595, '15': 701, '17': 252, '14': 505, '6': 754, '4': 1438, '3': 2065, '11': 157} {'enode://1@127.0.0.1:1234': 0, 'enode://2@127.0.0.1:1235': -8, 'enode://3@127.0.0.1:1236': -6, 'enode://4@127.0.0.1:1237': -2, 'enode://5@127.0.0.1:1238': 0, 'enode://6@127.0.0.1:1239': 0, 'enode://7@127.0.0.1:1240': 0, 'enode://8@127.0.0.1:1241': -9, 'enode://9@127.0.0.1:1242': 7, 'enode://10@127.0.0.1:1243': -7, 'enode://11@127.0.0.1:1244': -4, 'enode://12@127.0.0.1:1245': -10, 'enode://13@127.0.0.1:1246': 0, 'enode://14@127.0.0.1:1247': 0, 'enode://15@127.0.0.1:1248': -5, 'enode://16@127.0.0.1:1249': 0, 'enode://17@127.0.0.1:1250': 0, 'enode://18@127.0.0.1:1251': -1, 'enode://19@127.0.0.1:1252': 0, 'enode://20@127.0.0.1:1253': -3}
8 1786626531.095 14203 None {'18': 282, '0': 0, '1': 91, '2': 454, '7': 795, '16': 304, '13': 74, '20': 731, '19': 505, '8': 490, '5': 1305, '10': 513, '9': 1607, '12': 662, '15': 701, '17': 252, '14': 505, '6': 754, '4': 1438, '3': 2065, '11': 157} {'enode://1@127.0.0.1:1234': 0, 'enode://2@127.0.0.1:1235': -7, 'enode://3@127.0.0.1:1236': -5, 'enode://4@127.0.0.1:1237': -1, 'enode://5@127.0.0.1:1238': 0, 'enode://6@127.0.0.1:1239': 2, 'enode://7@127.0.0.1:1240': 0, 'enode://8@127.0.0.1:1241': -8, 'enode://9@127.0.0.1:1242': 7, 'enode://10@127.0.0.1:1243': -6, 'enode://11@127.0.0.1:1244': -3, 'enode://12@127.0.0.1:1245': -9, 'enode://13@127.0.0.1:1246': 5, 'enode://14@127.0.0.1:1247': -10, 'enode://15@127.0.0.1:1248': -4, 'enode://16@127.0.0.1:1249': 1, 'enode://17@127.0.0.1:1250': 0, 'enode://18@127.0.0.1:1251': 0, 'enode://19@127.0.0.1:1252': 0, 'enode://20@127.0.0.1:1253': -2}
8 1786626531.095 14214 None {'18': 282, '0': 0, '1': 91, '2': 454, '7': 795, '16': 304, '13': 74, '20': 731, '19': 505, '8': 490, '5': 1305, '10': 513, '9': 1607, '12': 662, '15': 701, '17': 252, '14': 938, '6': 754, '4': 1438, '3': 2065, '11': 157} {'enode://1@127.0.0.1:1234': 0, 'enode://2@127.0.0.1:1235': -6, 'enode://3@127.0.0.1:1236': -4, 'enode://4@127.0.0.1:1237': 0, 'enode://5@127.0.0.1:1238': 0, 'enode://6@127.0.0.1:1239': 0, 'enode://7@127.0.0.1:1240': 0, 'enode://8@127.0.0.1:1241': -7, 'enode://9@127.0.0.1:1242': 0, 'enode://10@127.0.0.1:1243': -5, 'enode://11@127.0.0.1:1244': -2, 'enode://12@127.0.0.1:1245': -8, 'enode://13@127.0.0.1:1246': 0, 'enode://14@127.0.0.1:1247': -9, 'enode://15@127.0.0.1:1248': -3, 'enode://16@127.0.0.1:1249': -10, 'enode://17@127.0.0.1:1250': 0, 'enode://18@127.0.0.1:1251': 0, 'enode://19@127.0.0.1:1252': 0, 'enode://20@127.0.0.1:1253': -1}
