ID TIME n private balances connectivity
10 1787035598.044 0 {} {} {'enode://1@127.0.0.1:1234': 0, 'enode://2@127.0.0.1:1235': 0, 'enode://3@127.0.0.1:1236': 0, 'enode://4@127.0.0.1:1237': 0, 'enode://5@127.0.0.1:1238': 0, 'enode://6@127.0.0.1:1239': 0, 'enode://7@127.0.0.1:1240': 0, 'enode://8@127.0.0.1:1241': 0, 'enode://9@127.0.0.1:1242': 0, 'enode://10@127.0.0.1:1243': 0, 'enode://11@127.0.0.1:1244': 0, 'enode://12@127.0.0.1:1245': 0, 'enode://13@127.0.0.1:1246': 0, 'enode://14@127.0.0.1:1247': 0, 'enode://15@127.0.0.1:1248': 0, 'enode://16@127.0.0.1:1249': 0, 'enode://17@127.0.0.1:1250': 0, 'enode://18@127.0.0.1:1251': 0, 'enode://19@127.0.0.1:1252': 0, 'enode://20@127.0.0.1:1253': 0}
10 1787035598.045 0 None {} {'enode://1@127.0.0.1:1234': -10, 'enode://2@127.0.0.1:1235': 0, 'enode://3@127.0.0.1:1236': 0, 'enode://4@127.0.0.1:1237': 0, 'enode://5@127.0.0.1:1238': 0, 'enode://6@127.0.0.1:1239': 0, 'enode://7@127.0.0.1:1240': 0, 'enode://8@127.0.0.1:1241': 0, 'enode://9@127.0.0.1:1242': 0, 'enode://10@127.0.0.1:1243': 0, 'enode://11@127.0.0.1:1244': 0, 'enode://12@127.0.0.1:1245': 0, 'enode://13@127.0.0.1:1246': 0, 'enode://14@127.0.0.1:1247': 0, 'enode://15@127.0.0.1:1248': 0, 'enode://16@127.0.0.1:1249': 0, 'enode://17@127.0.0.1:1250': 0, 'enode://18@127.0.0.1:1251': 0, 'enode://19@127.0.0.1:1252': 0, 'enode://20@127.0.0.1:1253': 0}
10 1787035598.045 67 None {'8': 0, '0': 0, '12': 0, '4': 0, '2': 0, '9': 0, '6': 0, '1': 0} {'enode://1@127.0.0.1:1234': -9, 'enode://2@127.0.0.1:1235': 1, 'enode://3@127.0.0.1:1236': 0, 'enode://4@127.0.0.1:1237': 1, 'enode://5@127.0.0.1:1238': 0, 'enode://6@127.0.0.1:1239': 1, 'enode://7@127.0.0.1:1240': 0, 'enode://8@127.0.0.1:1241': -10, 'enode://9@127.0.0.1:1242': 2, 'enode://10@127.0.0.1:1243': 0, 'enode://11@127.0.0.1:1244': 0, 'enode://12@127.0.0.1:1245': 1, 'enode://13@127.0.0.1:1246': 0, 'enode://14@127.0.0.1:1247': 0, 'enode://15@127.0.0.1:1248': 0, 'enode://16@127.0.0.1:1249': 0, 'enode://17@127.0.0.1:1250': 0, 'enode://18@127.0.0.1:1251': 0, 'enode://19@127.0.0.1:1252': 0, 'enode://20@127.0.0.1:1253': 0}
10 1787035598.045 76 None {'8': 66, '0': 0, '12': 0, '4': 0, '2': 0, '9': 0, '6': 0, '1': 0} {'enode://1@127.0.0.1:1234': -8, 'enode://2@127.0.0.1:1235': 0, 'enode://3@127.0.0.1:1236': 0, 'enode://4@127.0.0.1:1237': 0, 'enode://5@127.0.0.1:1238': 0, 'enode://6@127.0.0.1:1239': 1, 'enode://7@127.0.0.1:1240': 0, 'enode://8@127.0.0.1:1241': -9, 'enode://9@127.0.0.1:1242': 2, 'enode://10@127.0.0.1:1243': 0, 'enode://11@127.0.0.1:1244': 0, 'enode://12@127.0.0.1:1245': -10, 'enode://13@127.0.0.1:1246': 0, 'enode://14@127.0.0.1:1247': 0, 'enode://15@127.0.0.1:1248': 0, 'enode://16@127.0.0.1:1249': 0, 'enode://17@127.0.0.1:1250': 0, 'enode://18@127.0.0.1:1251': 0, 'enode://19@127.0.0.1:1252': 0, 'enode://20@127.0.0.1:1253': 0}
10 1787035598.045 376 None {'8': 66, '0': 0, '12': 8, '4': 0, '2': 0, '9': 0, '6': 0, '1': 0, '5': 0, '14': 0, '13': 0, '7': 0, '11': 0, '3': 0} {'enode://1@127.0.0.1:1234': -7, 'enode://2@127.0.0.1:1235': 1, 'enode://3@127.0.0.1:1236': 1, 'enode://4@127.0.0.1:1237': 2, 'enode://5@127.0.0.1:1238': -10, 'enode://6@127.0.0.1:1239': 0, 'enode://7@127.0.0.1:1240': 1, 'enode://8@127.0.0.1:1241': -8, 'enode://9@127.0.0.1:1242': 0, 'enode://10@127.0.0.1:1243': 0, 'enode://11@127.0.0.1:1244': 5, 'enode://12@127.0.0.1:1245': -9, 'enode://13@127.0.0.1:1246': 4, 'enode://14@127.0.0.1:1247': 3, 'enode://15@127.0.0.1:1248': 0, 'enode://16@127.0.0.1:1249': 0, 'enode://17@127.0.0.1:1250': 0, 'enode://18@127.0.0.1:1251': 0, 'enode://19@127.0.0.1:1252': 0, 'enode://20@127.0.0.1:1253': 0}
10 1787035598.045 426 None {'8': 66, '0': 0, '12': 8, '4': 0, '2': 0, '9': 0, '6': 0, '1': 0, '5': 299, '14': 0, '13': 0, '7': 0, '11': 0, '3': 0} {'enode://1@127.0.0.1:1234': -6, 'enode://2@127.0.0.1:1235': 0, 'enode://3@127.0.0.1:1236': 0, 'enode://4@127.0.0.1:1237': 0, 'enode://5@127.0.0.1:1238': -9, 'enode://6@127.0.0.1:1239': 0, 'enode://7@127.0.0.1:1240': 0, 'enode://8@127.0.0.1:1241': -7, 'enode://9@127.0.0.1:1242': 0, 'enode://10@127.0.0.1:1243': 0, 'enode://11@127.0.0.1:1244': -10, 'enode://12@127.0.0.1:1245': -8, 'enode://13@127.0.0.1:1246': 3, 'enode://14@127.0.0.1:1247': 4, 'enode://15@127.0.0.1:1248': 0, 'enode://16@127.0.0.1:1249': 0, 'enode://17@127.0.0.1:1250': 0, 'enode://18@127.0.0.1:1251': 0, 'enode://19@127.0.0.1:1252': 0, 'enode://20@127.0.0.1:1253': 0}
10 1787035598.045 442 None {'8': 66, '0': 0, '12': 8, '4': 0, '2': 0, '9': 0, '6': 0, '1': 0, '5': 299, '14': 0, '13': 0, '7': 0, '11': 49, '3': 0} {'enode://1@127.0.0.1:1234': -5, 'enode://2@127.0.0.1:1235': 0, 'enode://3@127.0.0.1:1236': 0, 'enode://4@127.0.0.1:1237': 0, 'enode://5@127.0.0.1:1238': -8, 'enode://6@127.0.0.1:1239': 0, 'enode://7@127.0.0.1:1240': 0, 'enode://8@127.0.0.1:1241': -6, 'enode://9@127.0.0.1:1242': 0, 'enode://10@127.0.0.1:1243': 0, 'enode://11@127.0.0.1:1244': -9, 'enode://12@127.0.0.1:1245': -7, 'enode://13@127.0.0.1:1246': 3, 'enode://14@127.0.0.1:1247': -10, 'enode://15@127.0.0.1:1248': 0, 'enode://16@127.0.0.1:1249': 0, 'enode://17@127.0.0.1:1250': 0, 'enode://18@127.0.0.1:1251': 0, 'enode://19@127.0.0.1:1252': 0, 'enode://20@127.0.0.1:1253': 0}
10 1787035598.045 453 None {'8': 66, '0': 0, '12': 8, '4': 0, '2': 0, '9': 0, '6': 0, '1': 0, '5': 299, '14': 15, '13': 0, '7': 0, '11': 49, '3': 0} {'enode://1@127.0.0.1:1234': -4, 'enode://2@127.0.0.1:1235': 0, 'enode://3@127.0.0.1:1236': 0, 'enode://4@127.0.0.1:1237': 0, 'enode://5@127.0.0.1:1238': -7, 'enode://6@127.0.0.1:1239': 0, 'enode://7@127.0.0.1:1240': 0, 'enode://8@127.0.0.1:1241': -5, 'enode://9@127.0.0.1:1242': 0, 'enode://10@127.0.0.1:1243': 0, 'enode://11@127.0.0.1:1244': -8, 'enode://12@127.0.0.1:1245': -6, 'enode://13@127.0.0.1:1246': -10, 'enode://14@127.0.0.1:1247': -9, 'enode://15@127.0.0.1:1248': 0, 'enode://16@127.0.0.1:1249': 0, 'enode://17@127.0.0.1:1250': 0, 'enode://18@127.0.0.1:1251': 0, 'enode://19@127.0.0.1:1252': 0, 'enode://20@127.0.0.1:1253': 0}
10 1787035598.045 632 None {'8': 66, '0': 0, '12': 8, '4': 0, '2': 0, '9': 0, '6': 0, '1': 0, '5': 299, '14': 15, '13': 10, '7': 0, '11': 49, '3': 0} {'enode://1@127.0.0.1:1234': -3, 'enode://2@127.0.0.1:1235': -10, 'enode://3@127.0.0.1:1236': 3, 'enode://4@127.0.0.1:1237': 3, 'enode://5@127.0.0.1:1238': -6, 'enode://6@127.0.0.1:1239': 0, 'enode://7@127.0.0.1:1240': 0, 'enode://8@127.0.0.1:1241': -4, 'enode://9@127.0.0.1:1242': 0, 'enode://10@127.0.0.1:1243': 0, 'enode://11@127.0.0.1:1244': -7, 'enode://12@127.0.0.1:1245': -5, 'enode://13@127.0.0.1:1246': -9, 'enode://14@127.0.0.1:1247': -8, 'enode://15@127.0.0.1:1248': 0, 'enode://16@127.0.0.1:1249': 0, 'enode://17@127.0.0.1:1250': 0, 'enode://18@127.0.0.1:1251': 0, 'enode://19@127.0.0.1:1252': 0, 'enode://20@127.0.0.1:1253': 0}
10 1787035598.045 647 None {'8': 66, '0': 0, '12': 8, '4': 0, '2': 178, '9': 0, '6': 0, '1': 0, '5': 299, '14': 15, '13': 10, '7': 0, '11': 49, '3': 0} {'enode://1@127.0.0.1:1234': -2, 'enode://2@127.0.0.1:1235': -9, 'enode://3@127.0.0.1:1236': -10, 'enode://4@127.0.0.1:1237': 3, 'enode://5@127.0.0.1:1238': -5, 'enode://6@127.0.0.1:1239': 0, 'enode://7@127.0.0.1:1240': 0, 'enode://8@127.0.0.1:1241': -3, 'enode://9@127.0.0.1:1242': 0, 'enode://10@127.0.0.1:1243': 0, 'enode://11@127.0.0.1:1244': -6, 'enode://12@127.0.0.1:1245': -4, 'enode://13@127.0.0.1:1246': -8, 'enode://14@127.0.0.1:1247': -7, 'enode://15@127.0.0.1:1248': 0, 'enode://16@127.0.0.1:1249': 0, 'enode://17@127.0.0.1:1250': 0, 'enode://18@127.0.0.1:1251': 0, 'enode://19@127.0.0.1:1252': 0, 'enode://20@127.0.0.1:1253': 0}
10 1787035598.045 682 None {'8': 66, '0': 0, '12': 8, '4': 0, '2': 178, '9': 0, '6': 0, '1': 0, '5': 299, '14': 15, '13': 10, '7': 0, '11': 49, '3': 14} {'enode://1@127.0.0.1:1234': -1, 'enode://2@127.0.0.1:1235': -8, 'enode://3@127.0.0.1:1236': -9, 'enode://4@127.0.0.1:1237': -10, 'enode://5@127.0.0.1:1238': -4, 'enode://6@127.0.0.1:1239': 0, 'enode://7@127.0.0.1:1240': 0, 'enode://8@127.0.0.1:1241': -2, 'enode://9@127.0.0.1:1242': 0, 'enode://10@127.0.0.1:1243': 0, 'enode://11@127.0.0.1:1244': -5, 'enode://12@127.0.0.1:1245': -3, 'enode://13@127.0.0.1:1246': -7, 'enode://14@127.0.0.1:1247': -6, 'enode://15@127.0.0.1:1248': 0, 'enode://16@127.0.0.1:1249': 0, 'enode://17@127.0.0.1:1250': 0, 'enode://18@127.0.0.1:1251': 0, 'enode://19@127.0.0.1:1252': 0, 'enode://20@127.0.0.1:1253': 0}
10 1787035598.045 1021 None {'8': 66, '0': 0, '12': 8, '4': 34, '2': 178, '9': 0, '6': 0, '1': 0, '5': 299, '14': 15, '13': 10, '7': 0, '11': 49, '3': 14, '16': 0, '15': 0} {'enode://1@127.0.0.1:1234': 0, 'enode://2@127.0.0.1:1235': -7, 'enode://3@127.0.0.1:1236': -8, 'enode://4@127.0.0.1:1237': -9, 'enode://5@127.0.0.1:1238': -3, 'enode://6@127.0.0.1:1239': 0, 'enode://7@127.0.0.1:1240': 0, 'enode://8@127.0.0.1:1241': -1, 'enode://9@127.0.0.1:1242': 0, 'enode://10@127.0.0.1:1243': 0, 'enode://11@127.0.0.1:1244': -4, 'enode://12@127.0.0.1:1245': -2, 'enode://13@127.0.0.1:1246': -6, 'enode://14@127.0.0.1:1247': -5, 'enode://15@127.0.0.1:1248': 1, 'enode://16@127.0.0.1:1249': -10, 'enode://17@127.0.0.1:1250': 0, 'enode://18@127.0.0.1:1251': 0, 'enode://19@127.0.0.1:1252': 0, 'enode://20@127.0.0.1:1253': 0}
10 1787035598.045 1119 None {'8': 66, '0': 0, '12': 8, '4': 34, '2': 178, '9': 0, '6': 0, '1': 0, '5': 299, '14': 15, '13': 10, '7': 0, '11': 49, '3': 14, '16': 338, '15': 0} {'enode://1@127.0.0.1:1234': 1, 'enode://2@127.0.0.1:1235': -6, 'enode://3@127.0.0.1:1236': -7, 'enode://4@127.0.0.1:1237': -8, 'enode://5@127.0.0.1:1238': -2, 'enode://6@127.0.0.1:1239': -10, 'enode://7@127.0.0.1:1240': 0, 'enode://8@127.0.0.1:1241': 0, 'enode://9@127.0.0.1:1242': 0, 'enode://10@127.0.0.1:1243': 0, 'enode://11@127.0.0.1:1244': -3, 'enode://12@127.0.0.1:1245': -1, 'enode://13@127.0.0.1:1246': -5, 'enode://14@127.0.0.1:1247': -4, 'enode://15@127.0.0.1:1248': 0, 'enode://16@127.0.0.1:1249': -9, 'enode://17@127.0.0.1:1250': 0, 'enode://18@127.0.0.1:1251': 0, 'enode://19@127.0.0.1:1252': 0, 'enode://20@127.0.0.1:1253': 0}
10 1787035598.045 1141 None {'8': 66, '0': 0, '12': 8, '4': 34, '2': 178, '9': 0, '6': 97, '1': 0, '5': 299, '14': 15, '13': 10, '7': 0, '11': 49, '3': 14, '16': 338, '15': 0} {'enode://1@127.0.0.1:1234': -10, 'enode://2@127.0.0.1:1235': -5, 'enode://3@127.0.0.1:1236': -6, 'enode://4@127.0.0.1:1237': -7, 'enode://5@127.0.0.1:1238': -1, 'enode://6@127.0.0.1:1239': -9, 'enode://7@127.0.0.1:1240': 0, 'enode://8@127.0.0.1:1241': 0, 'enode://9@127.0.0.1:1242': 0, 'enode://10@127.0.0.1:1243': 0, 'enode://11@127.0.0.1:1244': -2, 'enode://12@127.0.0.1:1245': 0, 'enode://13@127.0.0.1:1246': -4, 'enode://14@127.0.0.1:1247': -3, 'enode://15@127.0.0.1:1248': 0, 'enode://16@127.0.0.1:1249': -8, 'enode://17@127.0.0.1:1250': 0, 'enode://18@127.0.0.1:1251': 0, 'enode://19@127.0.0.1:1252': 0, 'enode://20@127.0.0.1:1253': 0}
10 1787035598.045 1913 None {'8': 66, '0': 0, '12': 8, '4': 34, '2': 178, '9': 0, '6': 97, '1': 21, '5': 299, '14': 15, '13': 10, '7': 0, '11': 49, '3': 14, '16': 338, '15': 0, '10': 0} {'enode://1@127.0.0.1:1234': -9, 'enode://2@127.0.0.1:1235': -4, 'enode://3@127.0.0.1:1236': -5, 'enode://4@127.0.0.1:1237': -6, 'enode://5@127.0.0.1:1238': 0, 'enode://6@127.0.0.1:1239': -8, 'enode://7@127.0.0.1:1240': 2, 'enode://8@127.0.0.1:1241': 0, 'enode://9@127.0.0.1:1242': 0, 'enode://10@127.0.0.1:1243': -10, 'enode://11@127.0.0.1:1244': -1, 'enode://12@127.0.0.1:1245': 3, 'enode://13@127.0.0.1:1246': -3, 'enode://14@127.0.0.1:1247': -2, 'enode://15@127.0.0.1:1248': 0, 'enode://16@127.0.0.1:1249': -7, 'enode://17@127.0.0.1:1250': 0, 'enode://18@127.0.0.1:1251': 0, 'enode://19@127.0.0.1:1252': 0, 'enode://20@127.0.0.1:1253': 0}
10 1787035598.045 2093 None {'8': 66, '0': 0, '12': 8, '4': 34, '2': 178, '9': 0, '6': 97, '1': 21, '5': 299, '14': 15, '13': 10, '7': 0, '11': 49, '3': 14, '16': 338, '15': 0, '10': 771} {'enode://1@127.0.0.1:1234': -8, 'enode://2@127.0.0.1:1235': -3, 'enode://3@127.0.0.1:1236': -4, 'enode://4@127.0.0.1:1237': -5, 'enode://5@127.0.0.1:1238': -10, 'enode://6@127.0.0.1:1239': -7, 'enode://7@127.0.0.1:1240': 2, 'enode://8@127.0.0.1:1241': 0, 'enode://9@127.0.0.1:1242': 0, 'enode://10@127.0.0.1:1243': -9, 'enode://11@127.0.0.1:1244': 0, 'enode://12@127.0.0.1:1245': 2, 'enode://13@127.0.0.1:1246': -2, 'enode://14@127.0.0.1:1247': -1, 'enode://15@127.0.0.1:1248': 0, 'enode://16@127.0.0.1:1249': -6, 'enode://17@127.0.0.1:1250': 0, 'enode://18@127.0.0.1:1251': 0, 'enode://19@127.0.0.1:1252': 0, 'enode://20@127.0.0.1:1253': 0}
10 1787035598.045 2371 None {'8': 66, '0': 0, '12': 8, '4': 34, '2': 178, '9': 0, '6': 97, '1': 21, '5': 478, '14': 15, '13': 10, '7': 0, '11': 49, '3': 14, '16': 338, '15': 0, '10': 771} {'enode://1@127.0.0.1:1234': -7, 'enode://2@127.0.0.1:1235': -2, 'enode://3@127.0.0.1:1236': -3, 'enode://4@127.0.0.1:1237': -4, 'enode://5@127.0.0.1:1238': -9, 'enode://6@127.0.0.1:1239': -6, 'enode://7@127.0.0.1:1240': 2, 'enode://8@127.0.0.1:1241': 1, 'enode://9@127.0.0.1:1242': -10, 'enode://10@127.0.0.1:1243': -8, 'enode://11@127.0.0.1:1244': 5, 'enode://12@127.0.0.1:1245': 1, 'enode://13@127.0.0.1:1246': -1, 'enode://14@127.0.0.1:1247': 0, 'enode://15@127.0.0.1:1248': 1, 'enode://16@127.0.0.1:1249': -5, 'enode://17@127.0.0.1:1250': 0, 'enode://18@127.0.0.1:1251': 0, 'enode://19@127.0.0.1:1252': 0, 'enode://20@127.0.0.1:1253': 0}
10 1787035598.046 2393 None {'8': 66, '0': 0, '12': 8, '4': 34, '2': 178, '9': 277, '6': 97, '1': 21, '5': 478, '14': 15, '13': 10, '7': 0, '11': 49, '3': 14, '16': 338, '15': 0, '10': 771} {'enode://1@127.0.0.1:1234': -6, 'enode://2@127.0.0.1:1235': -1, 'enode://3@127.0.0.1:1236': -2, 'enode://4@127.0.0.1:1237': -3, 'enode://5@127.0.0.1:1238': -8, 'enode://6@127.0.0.1:1239': -5, 'enode://7@127.0.0.1:1240': 2, 'enode://8@127.0.0.1:1241': 0, 'enode://9@127.0.0.1:1242': -9, 'enode://10@127.0.0.1:1243': -7, 'enode://11@127.0.0.1:1244': -10, 'enode://12@127.0.0.1:1245': 1, 'enode://13@127.0.0.1:1246': 0, 'enode://14@127.0.0.1:1247': 0, 'enode://15@127.0.0.1:1248': 1, 'enode://16@127.0.0.1:1249': -4, 'enode://17@127.0.0.1:1250': 0, 'enode://18@127.0.0.1:1251': 0, 'enode://19@127.0.0.1:1252': 0, 'enode://20@127.0.0.1:1253': 0}
10 1787035598.046 2558 None {'8': 66, '0': 0, '12': 8, '4': 34, '2': 178, '9': 277, '6': 97, '1': 21, '5': 478, '14': 15, '13': 10, '7': 0, '11': 70, '3': 14, '16': 338, '15': 0, '10': 771} {'enode://1@127.0.0.1:1234': -5, 'enode://2@127.0.0.1:1235': 0, 'enode://3@127.0.0.1:1236': -1, 'enode://4@127.0.0.1:1237': -2, 'enode://5@127.0.0.1:1238': -7, 'enode://6@127.0.0.1:1239': -4, 'enode://7@127.0.0.1:1240': 2, 'enode://8@127.0.0.1:1241': -10, 'enode://9@127.0.0.1:1242': -8, 'enode://10@127.0.0.1:1243': -6, 'enode://11@127.0.0.1:1244': -9, 'enode://12@127.0.0.1:1245': 1, 'enode://13@127.0.0.1:1246': 0, 'enode://14@127.0.0.1:1247': 0, 'enode://15@127.0.0.1:1248': 0, 'enode://16@127.0.0.1:1249': -3, 'enode://17@127.0.0.1:1250': 0, 'enode://18@127.0.0.1:1251': 0, 'enode://19@127.0.0.1:1252': 0, 'enode://20@127.0.0.1:1253': 0}
10 1787035598.046 3319 None {'8': 230, '0': 0, '12': 8, '4': 34, '2': 178, '9': 277, '6': 97, '1': 21, '5': 478, '14': 15, '13': 10, '7': 0, '11': 70, '3': 14, '16': 338, '15': 0, '10': 771} {'enode://1@127.0.0.1:1234': -4, 'enode://2@127.0.0.1:1235': 1, 'enode://3@127.0.0.1:1236': 0, 'enode://4@127.0.0.1:1237': -1, 'enode://5@127.0.0.1:1238': -6, 'enode://6@127.0.0.1:1239': -3, 'enode://7@127.0.0.1:1240': 1, 'enode://8@127.0.0.1:1241': -9, 'enode://9@127.0.0.1:1242': -7, 'enode://10@127.0.0.1:1243': -5, 'enode://11@127.0.0.1:1244': -8, 'enode://12@127.0.0.1:1245': 1, 'enode://13@127.0.0.1:1246': 0, 'enode://14@127.0.0.1:1247': -10, 'enode://15@127.0.0.1:1248': 2, 'enode://16@127.0.0.1:1249': -2, 'enode://17@127.0.0.1:1250': 0, 'enode://18@127.0.0.1:1251': 0, 'enode://19@127.0.0.1:1252': 0, 'enode://20@127.0.0.1:1253': 0}
10 1787035598.046 3675 None {'8': 230, '0': 0, '12': 8, '4': 34, '2': 178, '9': 277, '6': 97, '1': 21, '5': 478, '14': 775, '13': 10, '7': 0, '11': 70, '3': 14, '16': 338, '15': 0, '10': 771} {'enode://1@127.0.0.1:1234': -3, 'enode://2@127.0.0.1:1235': 1, 'enode://3@127.0.0.1:1236': 2, 'enode://4@127.0.0.1:1237': 0, 'enode://5@127.0.0.1:1238': -5, 'enode://6@127.0.0.1:1239': -2, 'enode://7@127.0.0.1:1240': 1, 'enode://8@127.0.0.1:1241': -8, 'enode://9@127.0.0.1:1242': -6, 'enode://10@127.0.0.1:1243': -4, 'enode://11@127.0.0.1:1244': -7, 'enode://12@127.0.0.1:1245': 1, 'enode://13@127.0.0.1:1246': 0, 'enode://14@127.0.0.1:1247': -9, 'enode://15@127.0.0.1:1248': -10, 'enode://16@127.0.0.1:1249': -1, 'enode://17@127.0.0.1:1250': 0, 'enode://18@127.0.0.1:1251': 0, 'enode://19@127.0.0.1:1252': 0, 'enode://20@127.0.0.1:1253': 0}
10 1787035598.046 3889 None {'8': 230, '0': 0, '12': 8, '4': 34, '2': 178, '9': 277, '6': 97, '1': 21, '5': 478, '14': 775, '13': 10, '7': 0, '11': 70, '3': 14, '16': 338, '15': 355, '10': 771} {'enode://1@127.0.0.1:1234': -2, 'enode://2@127.0.0.1:1235': -10, 'enode://3@127.0.0.1:1236': 2, 'enode://4@127.0.0.1:1237': 7, 'enode://5@127.0.0.1:1238': -4, 'enode://6@127.0.0.1:1239': -1, 'enode://7@127.0.0.1:1240': 1, 'enode://8@127.0.0.1:1241': -7, 'enode://9@127.0.0.1:1242': -5, 'enode://10@127.0.0.1:1243': -3, 'enode://11@127.0.0.1:1244': -6, 'enode://12@127.0.0.1:1245': 1, 'enode://13@127.0.0.1:1246': 0, 'enode://14@127.0.0.1:1247': -8, 'enode://15@127.0.0.1:1248': -9, 'enode://16@127.0.0.1:1249': 0, 'enode://17@127.0.0.1:1250': 0, 'enode://18@127.0.0.1:1251': 0, 'enode://19@127.0.0.1:1252': 0, 'enode://20@127.0.0.1:1253': 0}
10 1787035598.046 4054 None {'8': 230, '0': 0, '12': 8, '4': 34, '2': 391, '9': 277, '6': 97, '1': 21, '5': 478, '14': 775, '13': 10, '7': 0, '11': 70, '3': 14, '16': 338, '15': 355, '10': 771} {'enode://1@127.0.0.1:1234': -1, 'enode://2@127.0.0.1:1235': -9, 'enode://3@127.0.0.1:1236': -10, 'enode://4@127.0.0.1:1237': 2, 'enode://5@127.0.0.1:1238': -3, 'enode://6@127.0.0.1:1239': 0, 'enode://7@127.0.0.1:1240': 1, 'enode://8@127.0.0.1:1241': -6, 'enode://9@127.0.0.1:1242': -4, 'enode://10@127.0.0.1:1243': -2, 'enode://11@127.0.0.1:1244': -5, 'enode://12@127.0.0.1:1245': 1, 'enode://13@127.0.0.1:1246': 0, 'enode://14@127.0.0.1:1247': -7, 'enode://15@127.0.0.1:1248': -8, 'enode://16@127.0.0.1:1249': 0, 'enode://17@127.0.0.1:1250': 0, 'enode://18@127.0.0.1:1251': 0, 'enode://19@127.0.0.1:1252': 0, 'enode://20@127.0.0.1:1253': 0}
10 1787035598.046 4117 None {'8': 230, '0': 0, '12': 8, '4': 34, '2': 391, '9': 277, '6': 97, '1': 21, '5': 478, '14': 775, '13': 10, '7': 0, '11': 70, '3': 178, '16': 338, '15': 355, '10': 771} {'enode://1@127.0.0.1:1234': 0, 'enode://2@127.0.0.1:1235': -8, 'enode://3@127.0.0.1:1236': -9, 'enode://4@127.0.0.1:1237': 3, 'enode://5@127.0.0.1:1238': -2, 'enode://6@127.0.0.1:1239': 0, 'enode://7@127.0.0.1:1240': -10, 'enode://8@127.0.0.1:1241': -5, 'enode://9@127.0.0.1:1242': -3, 'enode://10@127.0.0.1:1243': -1, 'enode://11@127.0.0.1:1244': -4, 'enode://12@127.0.0.1:1245': 1, 'enode://13@127.0.0.1:1246': 0, 'enode://14@127.0.0.1:1247': -6, 'enode://15@127.0.0.1:1248': -7, 'enode://16@127.0.0.1:1249': 0, 'enode://17@127.0.0.1:1250': 0, 'enode://18@127.0.0.1:1251': 0, 'enode://19@127.0.0.1:1252': 0, 'enode://20@127.0.0.1:1253': 0}
10 1787035598.046 4154 None {'8': 230, '0': 0, '12': 8, '4': 34, '2': 391, '9': 277, '6': 97, '1': 21, '5': 478, '14': 775, '13': 10, '7': 62, '11': 70, '3': 178, '16': 338, '15': 355, '10': 771} {'enode://1@127.0.0.1:1234': 2, 'enode://2@127.0.0.1:1235': -7, 'enode://3@127.0.0.1:1236': -8, 'enode://4@127.0.0.1:1237': 0, 'enode://5@127.0.0.1:1238': -1, 'enode://6@127.0.0.1:1239': 0, 'enode://7@127.0.0.1:1240': -9, 'enode://8@127.0.0.1:1241': -4, 'enode://9@127.0.0.1:1242': -2, 'enode://10@127.0.0.1:1243': 0, 'enode://11@127.0.0.1:1244': -3, 'enode://12@127.0.0.1:1245': -10, 'enode://13@127.0.0.1:1246': 0, 'enode://14@127.0.0.1:1247': -5, 'enode://15@127.0.0.1:1248': -6, 'enode://16@127.0.0.1:1249': 0, 'enode://17@127.0.0.1:1250': 0, 'enode://18@127.0.0.1:1251': 0, 'enode://19@127.0.0.1:1252': 0, 'enode://20@127.0.0.1:1253': 0}
10 1787035598.046 4160 None {'8': 230, '0': 0, '12': 44, '4': 34, '2': 391, '9': 277, '6': 97, '1': 21, '5': 478, '14': 775, '13': 10, '7': 62, '11': 70, '3': 178, '16': 338, '15': 355, '10': 771} {'enode://1@127.0.0.1:1234': -10, 'enode://2@127.0.0.1:1235': -6, 'enode://3@127.0.0.1:1236': -7, 'enode://4@127.0.0.1:1237': 0, 'enode://5@127.0.0.1:1238': 0, 'enode://6@127.0.0.1:1239': 0, 'enode://7@127.0.0.1:1240': -8, 'enode://8@127.0.0.1:1241': -3, 'enode://9@127.0.0.1:1242': -1, 'enode://10@127.0.0.1:1243': 0, 'enode://11@127.0.0.1:1244': -2, 'enode://12@127.0.0.1:1245': -9, 'enode://13@127.0.0.1:1246': 0, 'enode://14@127.0.0.1:1247': -4, 'enode://15@127.0.0.1:1248': -5, 'enode://16@127.0.0.1:1249': 0, 'enode://17@127.0.0.1:1250': 0, 'enode://18@127.0.0.1:1251': 0, 'enode://19@127.0.0.1:1252': 0, 'enode://20@127.0.0.1:1253': 0}
10 1787035598.046 4949 None {'8': 230, '0': 0, '12': 44, '4': 34, '2': 391, '9': 277, '6': 97, '1': 26, '5': 478, '14': 775, '13': 10, '7': 62, '11': 70, '3': 178, '16': 338, '15': 355, '10': 771} {'enode://1@127.0.0.1:1234': -9, 'enode://2@127.0.0.1:1235': -5, 'enode://3@127.0.0.1:1236': -6, 'enode://4@127.0.0.1:1237': -10, 'enode://5@127.0.0.1:1238': 4, 'enode://6@127.0.0.1:1239': 1, 'enode://7@127.0.0.1:1240': -7, 'enode://8@127.0.0.1:1241': -2, 'enode://9@127.0.0.1:1242': 0, 'enode://10@127.0.0.1:1243': 3, 'enode://11@127.0.0.1:1244': -1, 'enode://12@127.0.0.1:1245': -8, 'enode://13@127.0.0.1:1246': 0, 'enode://14@127.0.0.1:1247': -3, 'enode://15@127.0.0.1:1248': -4, 'enode://16@127.0.0.1:1249': 2, 'enode://17@127.0.0.1:1250': 0, 'enode://18@127.0.0.1:1251': 0, 'enode://19@127.0.0.1:1252': 0, 'enode://20@127.0.0.1:1253': 0}
10 1787035598.046 5094 None {'8': 230, '0': 0, '12': 44, '4': 822, '2': 391, '9': 277, '6': 97, '1': 26, '5': 478, '14': 775, '13': 10, '7': 62, '11': 70, '3': 178, '16': 338, '15': 355, '10': 771} {'enode://1@127.0.0.1:1234': -8, 'enode://2@127.0.0.1:1235': -4, 'enode://3@127.0.0.1:1236': -5, 'enode://4@127.0.0.1:1237': -9, 'enode://5@127.0.0.1:1238': 0, 'enode://6@127.0.0.1:1239': 0, 'enode://7@127.0.0.1:1240': -6, 'enode://8@127.0.0.1:1241': -1, 'enode://9@127.0.0.1:1242': -10, 'enode://10@127.0.0.1:1243': 0, 'enode://11@127.0.0.1:1244': 0, 'enode://12@127.0.0.1:1245': -7, 'enode://13@127.0.0.1:1246': 0, 'enode://14@127.0.0.1:1247': -2, 'enode://15@127.0.0.1:1248': -3, 'enode://16@127.0.0.1:1249': 0, 'enode://17@127.0.0.1:1250': 0, 'enode://18@127.0.0.1:1251': 0, 'enode://19@127.0.0.1:1252': 0, 'enode://20@127.0.0.1:1253': 0}
10 1787035598.046 5372 None {'8': 230, '0': 0, '12': 44, '4': 822, '2': 391, '9': 421, '6': 97, '1': 26, '5': 478, '14': 775, '13': 10, '7': 62, '11': 70, '3': 178, '16': 338, '15': 355, '10': 771} {'enode://1@127.0.0.1:1234': -7, 'enode://2@127.0.0.1:1235': -3, 'enode://3@127.0.0.1:1236': -4, 'enode://4@127.0.0.1:1237': -8, 'enode://5@127.0.0.1:1238': 0, 'enode://6@127.0.0.1:1239': 0, 'enode://7@127.0.0.1:1240': -5, 'enode://8@127.0.0.1:1241': 0, 'enode://9@127.0.0.1:1242': -9, 'enode://10@127.0.0.1:1243': -10, 'enode://11@127.0.0.1:1244': 2, 'enode://12@127.0.0.1:1245': -6, 'enode://13@127.0.0.1:1246': 0, 'enode://14@127.0.0.1:1247': -1, 'enode://15@127.0.0.1:1248': -2, 'enode://16@127.0.0.1:1249': 0, 'enode://17@127.0.0.1:1250': 0, 'enode://18@127.0.0.1:1251': 0, 'enode://19@127.0.0.1:1252': 0, 'enode://20@127.0.0.1:1253': 0}
