ID TIME n private balances connectivity
3 1786649779.851 0 {} {} {'enode://1@127.0.0.1:1234': 0, 'enode://2@127.0.0.1:1235': 0, 'enode://3@127.0.0.1:1236': 0, 'enode://4@127.0.0.1:1237': 0, 'enode://5@127.0.0.1:1238': 0, 'enode://6@127.0.0.1:1239': 0, 'enode://7@127.0.0.1:1240': 0, 'enode://8@127.0.0.1:1241': 0, 'enode://9@127.0.0.1:1242': 0, 'enode://10@127.0.0.1:1243': 0, 'enode://11@127.0.0.1:1244': 0, 'enode://12@127.0.0.1:1245': 0, 'enode://13@127.0.0.1:1246': 0, 'enode://14@127.0.0.1:1247': 0, 'enode://15@127.0.0.1:1248': 0, 'enode://16@127.0.0.1:1249': 0, 'enode://17@127.0.0.1:1250': 0, 'enode://18@127.0.0.1:1251': 0, 'enode://19@127.0.0.1:1252': 0, 'enode://20@127.0.0.1:1253': 0, 'enode://21@127.0.0.1:1254': 0, 'enode://22@127.0.0.1:1255': 0, 'enode://23@127.0.0.1:1256': 0, 'enode://24@127.0.0.1:1257': 0, 'enode://25@127.0.0.1:1258': 0}
3 1786649779.851 1 None {'21': 0, '0': 0} {'enode://1@127.0.0.1:1234': 0, 'enode://2@127.0.0.1:1235': 0, 'enode://3@127.0.0.1:1236': 0, 'enode://4@127.0.0.1:1237': 0, 'enode://5@127.0.0.1:1238': 0, 'enode://6@127.0.0.1:1239': 0, 'enode://7@127.0.0.1:1240': 0, 'enode://8@127.0.0.1:1241': 0, 'enode://9@127.0.0.1:1242': 0, 'enode://10@127.0.0.1:1243': 0, 'enode://11@127.0.0.1:1244': 0, 'enode://12@127.0.0.1:1245': 0, 'enode://13@127.0.0.1:1246': 0, 'enode://14@127.0.0.1:1247': 0, 'enode://15@127.0.0.1:1248': 0, 'enode://16@127.0.0.1:1249': 0, 'enode://17@127.0.0.1:1250': 0, 'enode://18@127.0.0.1:1251': 0, 'enode://19@127.0.0.1:1252': 0, 'enode://20@127.0.0.1:1253': 0, 'enode://21@127.0.0.1:1254': -12, 'enode://22@127.0.0.1:1255': 0, 'enode://23@127.0.0.1:1256': 0, 'enode://24@127.0.0.1:1257': 0, 'enode://25@127.0.0.1:1258': 0}
3 1786649779.851 207 None {'21': 1, '0': 0, '18': 0, '2': 0, '7': 0, '9': 0, '5': 0, '19': 0, '20': 0, '1': 0, '24': 0, '4': 0, '16': 0, '22': 0, '17': 0, '10': 0} {'enode://1@127.0.0.1:1234': 4, 'enode://2@127.0.0.1:1235': 6, 'enode://3@127.0.0.1:1236': 0, 'enode://4@127.0.0.1:1237': 8, 'enode://5@127.0.0.1:1238': 2, 'enode://6@127.0.0.1:1239': 0, 'enode://7@127.0.0.1:1240': 5, 'enode://8@127.0.0.1:1241': 0, 'enode://9@127.0.0.1:1242': 9, 'enode://10@127.0.0.1:1243': 7, 'enode://11@127.0.0.1:1244': 0, 'enode://12@127.0.0.1:1245': 0, 'enode://13@127.0.0.1:1246': 0, 'enode://14@127.0.0.1:1247': 0, 'enode://15@127.0.0.1:1248': 0, 'enode://16@127.0.0.1:1249': 5, 'enode://17@127.0.0.1:1250': 6, 'enode://18@127.0.0.1:1251': -12, 'enode://19@127.0.0.1:1252': 3, 'enode://20@127.0.0.1:1253': 7, 'enode://21@127.0.0.1:1254': -11, 'enode://22@127.0.0.1:1255': 6, 'enode://23@127.0.0.1:1256': 0, 'enode://24@127.0.0.1:1257': 9, 'enode://25@127.0.0.1:1258': 0}
3 1786649779.851 423 None {'21': 1, '0': 0, '18': 205, '2': 0, '7': 0, '9': 0, '5': 0, '19': 0, '20': 0, '1': 0, '24': 0, '4': 0, '16': 0, '22': 0, '17': 0, '10': 0, '8': 0, '3': 0, '13': 0, '14': 0, '11': 0, '23': 0, '12': 0} {'enode://1@127.0.0.1:1234': 5, 'enode://2@127.0.0.1:1235': 7, 'enode://3@127.0.0.1:1236': 3, 'enode://4@127.0.0.1:1237': 10, 'enode://5@127.0.0.1:1238': 3, 'enode://6@127.0.0.1:1239': 0, 'enode://7@127.0.0.1:1240': 5, 'enode://8@127.0.0.1:1241': 3, 'enode://9@127.0.0.1:1242': -12, 'enode://10@127.0.0.1:1243': 9, 'enode://11@127.0.0.1:1244': 4, 'enode://12@127.0.0.1:1245': 4, 'enode://13@127.0.0.1:1246': 7, 'enode://14@127.0.0.1:1247': 6, 'enode://15@127.0.0.1:1248': 0, 'enode://16@127.0.0.1:1249': 6, 'enode://17@127.0.0.1:1250': 9, 'enode://18@127.0.0.1:1251': -11, 'enode://19@127.0.0.1:1252': 3, 'enode://20@127.0.0.1:1253': 10, 'enode://21@127.0.0.1:1254': -10, 'enode://22@127.0.0.1:1255': 8, 'enode://23@127.0.0.1:1256': 3, 'enode://24@127.0.0.1:1257': 9, 'enode://25@127.0.0.1:1258': 0}
3 1786649779.851 580 None {'21': 1, '0': 0, '18': 205, '2': 0, '7': 0, '9': 215, '5': 0, '19': 0, '20': 0, '1': 0, '24': 0, '4': 0, '16': 0, '22': 0, '17': 0, '10': 0, '8': 0, '3': 0, '13': 0, '14': 0, '11': 0, '23': 0, '12': 0, '6': 0, '25': 0, '15': 0} {'enode://1@127.0.0.1:1234': 5, 'enode://2@127.0.0.1:1235': 8, 'enode://3@127.0.0.1:1236': 3, 'enode://4@127.0.0.1:1237': 10, 'enode://5@127.0.0.1:1238': 9, 'enode://6@127.0.0.1:1239': 8, 'enode://7@127.0.0.1:1240': 5, 'enode://8@127.0.0.1:1241': 3, 'enode://9@127.0.0.1:1242': -11, 'enode://10@127.0.0.1:1243': 9, 'enode://11@127.0.0.1:1244': 7, 'enode://12@127.0.0.1:1245': 7, 'enode://13@127.0.0.1:1246': 10, 'enode://14@127.0.0.1:1247': 8, 'enode://15@127.0.0.1:1248': 8, 'enode://16@127.0.0.1:1249': 6, 'enode://17@127.0.0.1:1250': 9, 'enode://18@127.0.0.1:1251': -10, 'enode://19@127.0.0.1:1252': 6, 'enode://20@127.0.0.1:1253': -12, 'enode://21@127.0.0.1:1254': -9, 'enode://22@127.0.0.1:1255': 9, 'enode://23@127.0.0.1:1256': 6, 'enode://24@127.0.0.1:1257': 9, 'enode://25@127.0.0.1:1258': 4}
3 1786649779.851 894 None {'21': 1, '0': 0, '18': 205, '2': 0, '7': 0, '9': 215, '5': 0, '19': 0, '20': 156, '1': 0, '24': 0, '4': 0, '16': 0, '22': 0, '17': 0, '10': 0, '8': 0, '3': 0, '13': 0, '14': 0, '11': 0, '23': 0, '12': 0, '6': 0, '25': 0, '15': 0} {'enode://1@127.0.0.1:1234': 6, 'enode://2@127.0.0.1:1235': 10, 'enode://3@127.0.0.1:1236': 6, 'enode://4@127.0.0.1:1237': 11, 'enode://5@127.0.0.1:1238': 13, 'enode://6@127.0.0.1:1239': 8, 'enode://7@127.0.0.1:1240': 10, 'enode://8@127.0.0.1:1241': 3, 'enode://9@127.0.0.1:1242': -10, 'enode://10@127.0.0.1:1243': 10, 'enode://11@127.0.0.1:1244': 8, 'enode://12@127.0.0.1:1245': 7, 'enode://13@127.0.0.1:1246': -12, 'enode://14@127.0.0.1:1247': 10, 'enode://15@127.0.0.1:1248': 10, 'enode://16@127.0.0.1:1249': 7, 'enode://17@127.0.0.1:1250': 13, 'enode://18@127.0.0.1:1251': -9, 'enode://19@127.0.0.1:1252': 6, 'enode://20@127.0.0.1:1253': -11, 'enode://21@127.0.0.1:1254': -8, 'enode://22@127.0.0.1:1255': 11, 'enode://23@127.0.0.1:1256': 7, 'enode://24@127.0.0.1:1257': 9, 'enode://25@127.0.0.1:1258': 5}
3 1786649779.851 1097 None {'21': 1, '0': 0, '18': 205, '2': 0, '7': 0, '9': 215, '5': 0, '19': 0, '20': 156, '1': 0, '24': 0, '4': 0, '16': 0, '22': 0, '17': 0, '10': 0, '8': 0, '3': 0, '13': 313, '14': 0, '11': 0, '23': 0, '12': 0, '6': 0, '25': 0, '15': 0} {'enode://1@127.0.0.1:1234': 6, 'enode://2@127.0.0.1:1235': 7, 'enode://3@127.0.0.1:1236': 5, 'enode://4@127.0.0.1:1237': 8, 'enode://5@127.0.0.1:1238': -12, 'enode://6@127.0.0.1:1239': 4, 'enode://7@127.0.0.1:1240': 8, 'enode://8@127.0.0.1:1241': 3, 'enode://9@127.0.0.1:1242': -9, 'enode://10@127.0.0.1:1243': 8, 'enode://11@127.0.0.1:1244': 9, 'enode://12@127.0.0.1:1245': 5, 'enode://13@127.0.0.1:1246': -11, 'enode://14@127.0.0.1:1247': 9, 'enode://15@127.0.0.1:1248': 10, 'enode://16@127.0.0.1:1249': 7, 'enode://17@127.0.0.1:1250': 11, 'enode://18@127.0.0.1:1251': -8, 'enode://19@127.0.0.1:1252': 3, 'enode://20@127.0.0.1:1253': -10, 'enode://21@127.0.0.1:1254': -7, 'enode://22@127.0.0.1:1255': 12, 'enode://23@127.0.0.1:1256': 9, 'enode://24@127.0.0.1:1257': 8, 'enode://25@127.0.0.1:1258': 4}
3 1786649779.851 1136 None {'21': 1, '0': 0, '18': 205, '2': 0, '7': 0, '9': 215, '5': 202, '19': 0, '20': 156, '1': 0, '24': 0, '4': 0, '16': 0, '22': 0, '17': 0, '10': 0, '8': 0, '3': 0, '13': 313, '14': 0, '11': 0, '23': 0, '12': 0, '6': 0, '25': 0, '15': 0} {'enode://1@127.0.0.1:1234': 4, 'enode://2@127.0.0.1:1235': 6, 'enode://3@127.0.0.1:1236': 5, 'enode://4@127.0.0.1:1237': 6, 'enode://5@127.0.0.1:1238': -11, 'enode://6@127.0.0.1:1239': 0, 'enode://7@127.0.0.1:1240': 9, 'enode://8@127.0.0.1:1241': 3, 'enode://9@127.0.0.1:1242': -8, 'enode://10@127.0.0.1:1243': 6, 'enode://11@127.0.0.1:1244': 6, 'enode://12@127.0.0.1:1245': 3, 'enode://13@127.0.0.1:1246': -10, 'enode://14@127.0.0.1:1247': 8, 'enode://15@127.0.0.1:1248': 5, 'enode://16@127.0.0.1:1249': 6, 'enode://17@127.0.0.1:1250': -12, 'enode://18@127.0.0.1:1251': -7, 'enode://19@127.0.0.1:1252': 2, 'enode://20@127.0.0.1:1253': -9, 'enode://21@127.0.0.1:1254': -6, 'enode://22@127.0.0.1:1255': 6, 'enode://23@127.0.0.1:1256': 8, 'enode://24@127.0.0.1:1257': 5, 'enode://25@127.0.0.1:1258': 1}
3 1786649779.851 1165 None {'21': 1, '0': 0, '18': 205, '2': 0, '7': 0, '9': 215, '5': 202, '19': 0, '20': 156, '1': 0, '24': 0, '4': 0, '16': 0, '22': 0, '17': 38, '10': 0, '8': 0, '3': 0, '13': 313, '14': 0, '11': 0, '23': 0, '12': 0, '6': 0, '25': 0, '15': 0} {'enode://1@127.0.0.1:1234': 0, 'enode://2@127.0.0.1:1235': 0, 'enode://3@127.0.0.1:1236': 4, 'enode://4@127.0.0.1:1237': 0, 'enode://5@127.0.0.1:1238': -10, 'enode://6@127.0.0.1:1239': 0, 'enode://7@127.0.0.1:1240': -12, 'enode://8@127.0.0.1:1241': 0, 'enode://9@127.0.0.1:1242': -7, 'enode://10@127.0.0.1:1243': 0, 'enode://11@127.0.0.1:1244': 0, 'enode://12@127.0.0.1:1245': 0, 'enode://13@127.0.0.1:1246': -9, 'enode://14@127.0.0.1:1247': 3, 'enode://15@127.0.0.1:1248': 3, 'enode://16@127.0.0.1:1249': 0, 'enode://17@127.0.0.1:1250': -11, 'enode://18@127.0.0.1:1251': -6, 'enode://19@127.0.0.1:1252': 1, 'enode://20@127.0.0.1:1253': -8, 'enode://21@127.0.0.1:1254': -5, 'enode://22@127.0.0.1:1255': 3, 'enode://23@127.0.0.1:1256': 3, 'enode://24@127.0.0.1:1257': 0, 'enode://25@127.0.0.1:1258': 2}
3 1786649779.851 1674 None {'21': 1, '0': 0, '18': 205, '2': 0, '7': 28, '9': 215, '5': 202, '19': 0, '20': 156, '1': 0, '24': 0, '4': 0, '16': 0, '22': 0, '17': 38, '10': 0, '8': 0, '3': 0, '13': 313, '14': 0, '11': 0, '23': 0, '12': 0, '6': 0, '25': 0, '15': 0} {'enode://1@127.0.0.1:1234': 4, 'enode://2@127.0.0.1:1235': 6, 'enode://3@127.0.0.1:1236': -12, 'enode://4@127.0.0.1:1237': 5, 'enode://5@127.0.0.1:1238': -9, 'enode://6@127.0.0.1:1239': 0, 'enode://7@127.0.0.1:1240': -11, 'enode://8@127.0.0.1:1241': 2, 'enode://9@127.0.0.1:1242': -6, 'enode://10@127.0.0.1:1243': 3, 'enode://11@127.0.0.1:1244': 2, 'enode://12@127.0.0.1:1245': 0, 'enode://13@127.0.0.1:1246': -8, 'enode://14@127.0.0.1:1247': 4, 'enode://15@127.0.0.1:1248': 3, 'enode://16@127.0.0.1:1249': 4, 'enode://17@127.0.0.1:1250': -10, 'enode://18@127.0.0.1:1251': -5, 'enode://19@127.0.0.1:1252': 1, 'enode://20@127.0.0.1:1253': -7, 'enode://21@127.0.0.1:1254': -4, 'enode://22@127.0.0.1:1255': 3, 'enode://23@127.0.0.1:1256': 2, 'enode://24@127.0.0.1:1257': 3, 'enode://25@127.0.0.1:1258': 2}
3 1786649779.851 1806 None {'21': 1, '0': 0, '18': 205, '2': 0, '7': 28, '9': 215, '5': 202, '19': 0, '20': 156, '1': 0, '24': 0, '4': 0, '16': 0, '22': 0, '17': 38, '10': 0, '8': 0, '3': 508, '13': 313, '14': 0, '11': 0, '23': 0, '12': 0, '6': 0, '25': 0, '15': 0} {'enode://1@127.0.0.1:1234': 3, 'enode://2@127.0.0.1:1235': -12, 'enode://3@127.0.0.1:1236': -11, 'enode://4@127.0.0.1:1237': 3, 'enode://5@127.0.0.1:1238': -8, 'enode://6@127.0.0.1:1239': 0, 'enode://7@127.0.0.1:1240': -10, 'enode://8@127.0.0.1:1241': 1, 'enode://9@127.0.0.1:1242': -5, 'enode://10@127.0.0.1:1243': 5, 'enode://11@127.0.0.1:1244': 0, 'enode://12@127.0.0.1:1245': 0, 'enode://13@127.0.0.1:1246': -7, 'enode://14@127.0.0.1:1247': 0, 'enode://15@127.0.0.1:1248': 2, 'enode://16@127.0.0.1:1249': 2, 'enode://17@127.0.0.1:1250': -9, 'enode://18@127.0.0.1:1251': -4, 'enode://19@127.0.0.1:1252': 2, 'enode://20@127.0.0.1:1253': -6, 'enode://21@127.0.0.1:1254': -3, 'enode://22@127.0.0.1:1255': 0, 'enode://23@127.0.0.1:1256': 1, 'enode://24@127.0.0.1:1257': 0, 'enode://25@127.0.0.1:1258': 2}
3 1786649779.851 1863 None {'21': 1, '0': 0, '18': 205, '2': 131, '7': 28, '9': 215, '5': 202, '19': 0, '20': 156, '1': 0, '24': 0, '4': 0, '16': 0, '22': 0, '17': 38, '10': 0, '8': 0, '3': 508, '13': 313, '14': 0, '11': 0, '23': 0, '12': 0, '6': 0, '25': 0, '15': 0} {'enode://1@127.0.0.1:1234': 0, 'enode://2@127.0.0.1:1235': -11, 'enode://3@127.0.0.1:1236': -10, 'enode://4@127.0.0.1:1237': 0, 'enode://5@127.0.0.1:1238': -7, 'enode://6@127.0.0.1:1239': 0, 'enode://7@127.0.0.1:1240': -9, 'enode://8@127.0.0.1:1241': 0, 'enode://9@127.0.0.1:1242': -4, 'enode://10@127.0.0.1:1243': -12, 'enode://11@127.0.0.1:1244': 0, 'enode://12@127.0.0.1:1245': 0, 'enode://13@127.0.0.1:1246': -6, 'enode://14@127.0.0.1:1247': 0, 'enode://15@127.0.0.1:1248': 2, 'enode://16@127.0.0.1:1249': 0, 'enode://17@127.0.0.1:1250': -8, 'enode://18@127.0.0.1:1251': -3, 'enode://19@127.0.0.1:1252': 1, 'enode://20@127.0.0.1:1253': -5, 'enode://21@127.0.0.1:1254': -2, 'enode://22@127.0.0.1:1255': 0, 'enode://23@127.0.0.1:1256': 0, 'enode://24@127.0.0.1:1257': 0, 'enode://25@127.0.0.1:1258': 2}
3 1786649779.852 2293 None {'21': 1, '0': 0, '18': 205, '2': 131, '7': 28, '9': 215, '5': 202, '19': 0, '20': 156, '1': 0, '24': 0, '4': 0, '16': 0, '22': 0, '17': 38, '10': 56, '8': 0, '3': 508, '13': 313, '14': 0, '11': 0, '23': 0, '12': 0, '6': 0, '25': 0, '15': 0} {'enode://1@127.0.0.1:1234': 0, 'enode://2@127.0.0.1:1235': -10, 'enode://3@127.0.0.1:1236': -9, 'enode://4@127.0.0.1:1237': 0, 'enode://5@127.0.0.1:1238': -6, 'enode://6@127.0.0.1:1239': 0, 'enode://7@127.0.0.1:1240': -8, 'enode://8@127.0.0.1:1241': -12, 'enode://9@127.0.0.1:1242': -3, 'enode://10@127.0.0.1:1243': -11, 'enode://11@127.0.0.1:1244': 5, 'enode://12@127.0.0.1:1245': 5, 'enode://13@127.0.0.1:1246': -5, 'enode://14@127.0.0.1:1247': 5, 'enode://15@127.0.0.1:1248': 0, 'enode://16@127.0.0.1:1249': 0, 'enode://17@127.0.0.1:1250': -7, 'enode://18@127.0.0.1:1251': -2, 'enode://19@127.0.0.1:1252': 0, 'enode://20@127.0.0.1:1253': -4, 'enode://21@127.0.0.1:1254': -1, 'enode://22@127.0.0.1:1255': 4, 'enode://23@127.0.0.1:1256': 2, 'enode://24@127.0.0.1:1257': 0, 'enode://25@127.0.0.1:1258': 1}
3 1786649779.852 2307 None {'21': 1, '0': 0, '18': 205, '2': 131, '7': 28, '9': 215, '5': 202, '19': 0, '20': 156, '1': 0, '24': 0, '4': 0, '16': 0, '22': 0, '17': 38, '10': 56, '8': 429, '3': 508, '13': 313, '14': 0, '11': 0, '23': 0, '12': 0, '6': 0, '25': 0, '15': 0} {'enode://1@127.0.0.1:1234': 0, 'enode://2@127.0.0.1:1235': -9, 'enode://3@127.0.0.1:1236': -8, 'enode://4@127.0.0.1:1237': 0, 'enode://5@127.0.0.1:1238': -5, 'enode://6@127.0.0.1:1239': 0, 'enode://7@127.0.0.1:1240': -7, 'enode://8@127.0.0.1:1241': -11, 'enode://9@127.0.0.1:1242': -2, 'enode://10@127.0.0.1:1243': -10, 'enode://11@127.0.0.1:1244': -12, 'enode://12@127.0.0.1:1245': 0, 'enode://13@127.0.0.1:1246': -4, 'enode://14@127.0.0.1:1247': 3, 'enode://15@127.0.0.1:1248': 0, 'enode://16@127.0.0.1:1249': 0, 'enode://17@127.0.0.1:1250': -6, 'enode://18@127.0.0.1:1251': -1, 'enode://19@127.0.0.1:1252': 0, 'enode://20@127.0.0.1:1253': -3, 'enode://21@127.0.0.1:1254': 0, 'enode://22@127.0.0.1:1255': 3, 'enode://23@127.0.0.1:1256': 0, 'enode://24@127.0.0.1:1257': 0, 'enode://25@127.0.0.1:1258': 0}
3 1786649779.852 2343 None {'21': 1, '0': 0, '18': 205, '2': 131, '7': 28, '9': 215, '5': 202, '19': 0, '20': 156, '1': 0, '24': 0, '4': 0, '16': 0, '22': 0, '17': 38, '10': 56, '8': 429, '3': 508, '13': 313, '14': 0, '11': 13, '23': 0, '12': 0, '6': 0, '25': 0, '15': 0} {'enode://1@127.0.0.1:1234': 0, 'enode://2@127.0.0.1:1235': -8, 'enode://3@127.0.0.1:1236': -7, 'enode://4@127.0.0.1:1237': 0, 'enode://5@127.0.0.1:1238': -4, 'enode://6@127.0.0.1:1239': 0, 'enode://7@127.0.0.1:1240': -6, 'enode://8@127.0.0.1:1241': -10, 'enode://9@127.0.0.1:1242': -1, 'enode://10@127.0.0.1:1243': -9, 'enode://11@127.0.0.1:1244': -11, 'enode://12@127.0.0.1:1245': 3, 'enode://13@127.0.0.1:1246': -3, 'enode://14@127.0.0.1:1247': -12, 'enode://15@127.0.0.1:1248': 0, 'enode://16@127.0.0.1:1249': 0, 'enode://17@127.0.0.1:1250': -5, 'enode://18@127.0.0.1:1251': 0, 'enode://19@127.0.0.1:1252': 0, 'enode://20@127.0.0.1:1253': -2, 'enode://21@127.0.0.1:1254': 0, 'enode://22@127.0.0.1:1255': 4, 'enode://23@127.0.0.1:1256': 1, 'enode://24@127.0.0.1:1257': 0, 'enode://25@127.0.0.1:1258': 0}
3 1786649779.852 2346 None {'21': 1, '0': 0, '18': 205, '2': 131, '7': 28, '9': 215, '5': 202, '19': 0, '20': 156, '1': 0, '24': 0, '4': 0, '16': 0, '22': 0, '17': 38, '10': 56, '8': 429, '3': 508, '13': 313, '14': 35, '11': 13, '23': 0, '12': 0, '6': 0, '25': 0, '15': 0} {'enode://1@127.0.0.1:1234': 0, 'enode://2@127.0.0.1:1235': -7, 'enode://3@127.0.0.1:1236': -6, 'enode://4@127.0.0.1:1237': 0, 'enode://5@127.0.0.1:1238': -3, 'enode://6@127.0.0.1:1239': 0, 'enode://7@127.0.0.1:1240': -5, 'enode://8@127.0.0.1:1241': -9, 'enode://9@127.0.0.1:1242': 0, 'enode://10@127.0.0.1:1243': -8, 'enode://11@127.0.0.1:1244': -10, 'enode://12@127.0.0.1:1245': 2, 'enode://13@127.0.0.1:1246': -2, 'enode://14@127.0.0.1:1247': -11, 'enode://15@127.0.0.1:1248': 0, 'enode://16@127.0.0.1:1249': 0, 'enode://17@127.0.0.1:1250': -4, 'enode://18@127.0.0.1:1251': 0, 'enode://19@127.0.0.1:1252': 0, 'enode://20@127.0.0.1:1253': -1, 'enode://21@127.0.0.1:1254': 0, 'enode://22@127.0.0.1:1255': -12, 'enode://23@127.0.0.1:1256': 1, 'enode://24@127.0.0.1:1257': 0, 'enode://25@127.0.0.1:1258': 0}
3 1786649779.852 2366 None {'21': 1, '0': 0, '18': 205, '2': 131, '7': 28, '9': 215, '5': 202, '19': 0, '20': 156, '1': 0, '24': 0, '4': 0, '16': 0, '22': 2, '17': 38, '10': 56, '8': 429, '3': 508, '13': 313, '14': 35, '11': 13, '23': 0, '12': 0, '6': 0, '25': 0, '15': 0} {'enode://1@127.0.0.1:1234': 0, 'enode://2@127.0.0.1:1235': -6, 'enode://3@127.0.0.1:1236': -5, 'enode://4@127.0.0.1:1237': 0, 'enode://5@127.0.0.1:1238': -2, 'enode://6@127.0.0.1:1239': 0, 'enode://7@127.0.0.1:1240': -4, 'enode://8@127.0.0.1:1241': -8, 'enode://9@127.0.0.1:1242': 0, 'enode://10@127.0.0.1:1243': -7, 'enode://11@127.0.0.1:1244': -9, 'enode://12@127.0.0.1:1245': -12, 'enode://13@127.0.0.1:1246': -1, 'enode://14@127.0.0.1:1247': -10, 'enode://15@127.0.0.1:1248': 0, 'enode://16@127.0.0.1:1249': 0, 'enode://17@127.0.0.1:1250': -3, 'enode://18@127.0.0.1:1251': 0, 'enode://19@127.0.0.1:1252': 0, 'enode://20@127.0.0.1:1253': 0, 'enode://21@127.0.0.1:1254': 0, 'enode://22@127.0.0.1:1255': -11, 'enode://23@127.0.0.1:1256': 1, 'enode://24@127.0.0.1:1257': 0, 'enode://25@127.0.0.1:1258': 0}
3 1786649779.852 2369 None {'21': 1, '0': 0, '18': 205, '2': 131, '7': 28, '9': 215, '5': 202, '19': 0, '20': 156, '1': 0, '24': 0, '4': 0, '16': 0, '22': 2, '17': 38, '10': 56, '8': 429, '3': 508, '13': 313, '14': 35, '11': 13, '23': 0, '12': 19, '6': 0, '25': 0, '15': 0} {'enode://1@127.0.0.1:1234': 0, 'enode://2@127.0.0.1:1235': -5, 'enode://3@127.0.0.1:1236': -4, 'enode://4@127.0.0.1:1237': 0, 'enode://5@127.0.0.1:1238': -1, 'enode://6@127.0.0.1:1239': 0, 'enode://7@127.0.0.1:1240': -3, 'enode://8@127.0.0.1:1241': -7, 'enode://9@127.0.0.1:1242': 0, 'enode://10@127.0.0.1:1243': -6, 'enode://11@127.0.0.1:1244': -8, 'enode://12@127.0.0.1:1245': -11, 'enode://13@127.0.0.1:1246': 0, 'enode://14@127.0.0.1:1247': -9, 'enode://15@127.0.0.1:1248': 0, 'enode://16@127.0.0.1:1249': 0, 'enode://17@127.0.0.1:1250': -2, 'enode://18@127.0.0.1:1251': 0, 'enode://19@127.0.0.1:1252': 0, 'enode://20@127.0.0.1:1253': 0, 'enode://21@127.0.0.1:1254': 0, 'enode://22@127.0.0.1:1255': -10, 'enode://23@127.0.0.1:1256': -12, 'enode://24@127.0.0.1:1257': 0, 'enode://25@127.0.0.1:1258': 0}
3 1786649779.852 3438 None {'21': 1, '0': 0, '18': 205, '2': 131, '7': 28, '9': 215, '5': 202, '19': 0, '20': 156, '1': 0, '24': 0, '4': 0, '16': 0, '22': 2, '17': 38, '10': 56, '8': 429, '3': 508, '13': 313, '14': 35, '11': 13, '23': 2, '12': 19, '6': 0, '25': 0, '15': 0} {'enode://1@127.0.0.1:1234': 4, 'enode://2@127.0.0.1:1235': -4, 'enode://3@127.0.0.1:1236': -3, 'enode://4@127.0.0.1:1237': 4, 'enode://5@127.0.0.1:1238': 0, 'enode://6@127.0.0.1:1239': 0, 'enode://7@127.0.0.1:1240': -2, 'enode://8@127.0.0.1:1241': -6, 'enode://9@127.0.0.1:1242': 4, 'enode://10@127.0.0.1:1243': -5, 'enode://11@127.0.0.1:1244': -7, 'enode://12@127.0.0.1:1245': -10, 'enode://13@127.0.0.1:1246': -12, 'enode://14@127.0.0.1:1247': -8, 'enode://15@127.0.0.1:1248': 1, 'enode://16@127.0.0.1:1249': 4, 'enode://17@127.0.0.1:1250': -1, 'enode://18@127.0.0.1:1251': 0, 'enode://19@127.0.0.1:1252': 1, 'enode://20@127.0.0.1:1253': 6, 'enode://21@127.0.0.1:1254': 6, 'enode://22@127.0.0.1:1255': -9, 'enode://23@127.0.0.1:1256': -11, 'enode://24@127.0.0.1:1257': 4, 'enode://25@127.0.0.1:1258': 5}
3 1786649779.852 3456 None {'21': 1, '0': 0, '18': 205, '2': 131, '7': 28, '9': 215, '5': 202, '19': 0, '20': 156, '1': 0, '24': 0, '4': 0, '16': 0, '22': 2, '17': 38, '10': 56, '8': 429, '3': 508, '13': 1381, '14': 35, '11': 13, '23': 2, '12': 19, '6': 0, '25': 0, '15': 0} {'enode://1@127.0.0.1:1234': 0, 'enode://2@127.0.0.1:1235': -3, 'enode://3@127.0.0.1:1236': -2, 'enode://4@127.0.0.1:1237': 0, 'enode://5@127.0.0.1:1238': 1, 'enode://6@127.0.0.1:1239': 0, 'enode://7@127.0.0.1:1240': -1, 'enode://8@127.0.0.1:1241': -5, 'enode://9@127.0.0.1:1242': 0, 'enode://10@127.0.0.1:1243': -4, 'enode://11@127.0.0.1:1244': -6, 'enode://12@127.0.0.1:1245': -9, 'enode://13@127.0.0.1:1246': -11, 'enode://14@127.0.0.1:1247': -7, 'enode://15@127.0.0.1:1248': 0, 'enode://16@127.0.0.1:1249': 0, 'enode://17@127.0.0.1:1250': 0, 'enode://18@127.0.0.1:1251': 0, 'enode://19@127.0.0.1:1252': 0, 'enode://20@127.0.0.1:1253': -12, 'enode://21@127.0.0.1:1254': 2, 'enode://22@127.0.0.1:1255': -8, 'enode://23@127.0.0.1:1256': -10, 'enode://24@127.0.0.1:1257': 0, 'enode://25@127.0.0.1:1258': 0}
3 1786649779.852 3470 None {'21': 1, '0': 0, '18': 205, '2': 131, '7': 28, '9': 215, '5': 202, '19': 0, '20': 173, '1': 0, '24': 0, '4': 0, '16': 0, '22': 2, '17': 38, '10': 56, '8': 429, '3': 508, '13': 1381, '14': 35, '11': 13, '23': 2, '12': 19, '6': 0, '25': 0, '15': 0} {'enode://1@127.0.0.1:1234': 0, 'enode://2@127.0.0.1:1235': -2, 'enode://3@127.0.0.1:1236': -1, 'enode://4@127.0.0.1:1237': 0, 'enode://5@127.0.0.1:1238': 0, 'enode://6@127.0.0.1:1239': 0, 'enode://7@127.0.0.1:1240': 0, 'enode://8@127.0.0.1:1241': -4, 'enode://9@127.0.0.1:1242': 0, 'enode://10@127.0.0.1:1243': -3, 'enode://11@127.0.0.1:1244': -5, 'enode://12@127.0.0.1:1245': -8, 'enode://13@127.0.0.1:1246': -10, 'enode://14@127.0.0.1:1247': -6, 'enode://15@127.0.0.1:1248': 0, 'enode://16@127.0.0.1:1249': 0, 'enode://17@127.0.0.1:1250': 0, 'enode://18@127.0.0.1:1251': 0, 'enode://19@127.0.0.1:1252': 0, 'enode://20@127.0.0.1:1253': -11, 'enode://21@127.0.0.1:1254': -12, 'enode://22@127.0.0.1:1255': -7, 'enode://23@127.0.0.1:1256': -9, 'enode://24@127.0.0.1:1257': 0, 'enode://25@127.0.0.1:1258': 0}
3 1786649779.852 4202 None {'21': 14, '0': 0, '18': 205, '2': 131, '7': 28, '9': 215, '5': 202, '19': 0, '20': 173, '1': 0, '24': 0, '4': 0, '16': 0, '22': 2, '17': 38, '10': 56, '8': 429, '3': 508, '13': 1381, '14': 35, '11': 13, '23': 2, '12': 19, '6': 0, '25': 0, '15': 0} {'enode://1@127.0.0.1:1234': 6, 'enode://2@127.0.0.1:1235': -1, 'enode://3@127.0.0.1:1236': 0, 'enode://4@127.0.0.1:1237': 2, 'enode://5@127.0.0.1:1238': 0, 'enode://6@127.0.0.1:1239': 1, 'enode://7@127.0.0.1:1240': 4, 'enode://8@127.0.0.1:1241': -3, 'enode://9@127.0.0.1:1242': 1, 'enode://10@127.0.0.1:1243': -2, 'enode://11@127.0.0.1:1244': -4, 'enode://12@127.0.0.1:1245': -7, 'enode://13@127.0.0.1:1246': -9, 'enode://14@127.0.0.1:1247': -5, 'enode://15@127.0.0.1:1248': 0, 'enode://16@127.0.0.1:1249': 3, 'enode://17@127.0.0.1:1250': 6, 'enode://18@127.0.0.1:1251': 3, 'enode://19@127.0.0.1:1252': 4, 'enode://20@127.0.0.1:1253': -10, 'enode://21@127.0.0.1:1254': -11, 'enode://22@127.0.0.1:1255': -6, 'enode://23@127.0.0.1:1256': -8, 'enode://24@127.0.0.1:1257': -12, 'enode://25@127.0.0.1:1258': 2}
3 1786649779.852 4355 None {'21': 14, '0': 0, '18': 205, '2': 131, '7': 28, '9': 215, '5': 202, '19': 0, '20': 173, '1': 0, '24': 731, '4': 0, '16': 0, '22': 2, '17': 38, '10': 56, '8': 429, '3': 508, '13': 1381, '14': 35, '11': 13, '23': 2, '12': 19, '6': 0, '25': 0, '15': 0} {'enode://1@127.0.0.1:1234': -12, 'enode://2@127.0.0.1:1235': 0, 'enode://3@127.0.0.1:1236': 0, 'enode://4@127.0.0.1:1237': 4, 'enode://5@127.0.0.1:1238': 0, 'enode://6@127.0.0.1:1239': 1, 'enode://7@127.0.0.1:1240': 2, 'enode://8@127.0.0.1:1241': -2, 'enode://9@127.0.0.1:1242': 2, 'enode://10@127.0.0.1:1243': -1, 'enode://11@127.0.0.1:1244': -3, 'enode://12@127.0.0.1:1245': -6, 'enode://13@127.0.0.1:1246': -8, 'enode://14@127.0.0.1:1247': -4, 'enode://15@127.0.0.1:1248': 0, 'enode://16@127.0.0.1:1249': 8, 'enode://17@127.0.0.1:1250': 6, 'enode://18@127.0.0.1:1251': 4, 'enode://19@127.0.0.1:1252': 4, 'enode://20@127.0.0.1:1253': -9, 'enode://21@127.0.0.1:1254': -10, 'enode://22@127.0.0.1:1255': -5, 'enode://23@127.0.0.1:1256': -7, 'enode://24@127.0.0.1:1257': -11, 'enode://25@127.0.0.1:1258': 0}
3 1786649779.852 4367 None {'21': 14, '0': 0, '18': 205, '2': 131, '7': 28, '9': 215, '5': 202, '19': 0, '20': 173, '1': 152, '24': 731, '4': 0, '16': 0, '22': 2, '17': 38, '10': 56, '8': 429, '3': 508, '13': 1381, '14': 35, '11': 13, '23': 2, '12': 19, '6': 0, '25': 0, '15': 0} {'enode://1@127.0.0.1:1234': -11, 'enode://2@127.0.0.1:1235': 5, 'enode://3@127.0.0.1:1236': 0, 'enode://4@127.0.0.1:1237': 3, 'enode://5@127.0.0.1:1238': 0, 'enode://6@127.0.0.1:1239': 0, 'enode://7@127.0.0.1:1240': 0, 'enode://8@127.0.0.1:1241': -1, 'enode://9@127.0.0.1:1242': 1, 'enode://10@127.0.0.1:1243': 0, 'enode://11@127.0.0.1:1244': -2, 'enode://12@127.0.0.1:1245': -5, 'enode://13@127.0.0.1:1246': -7, 'enode://14@127.0.0.1:1247': -3, 'enode://15@127.0.0.1:1248': 0, 'enode://16@127.0.0.1:1249': -12, 'enode://17@127.0.0.1:1250': 0, 'enode://18@127.0.0.1:1251': 4, 'enode://19@127.0.0.1:1252': 4, 'enode://20@127.0.0.1:1253': -8, 'enode://21@127.0.0.1:1254': -9, 'enode://22@127.0.0.1:1255': -4, 'enode://23@127.0.0.1:1256': -6, 'enode://24@127.0.0.1:1257': -10, 'enode://25@127.0.0.1:1258': 0}
3 1786649779.853 4421 None {'21': 14, '0': 0, '18': 205, '2': 131, '7': 28, '9': 215, '5': 202, '19': 0, '20': 173, '1': 152, '24': 731, '4': 0, '16': 11, '22': 2, '17': 38, '10': 56, '8': 429, '3': 508, '13': 1381, '14': 35, '11': 13, '23': 2, '12': 19, '6': 0, '25': 0, '15': 0} {'enode://1@127.0.0.1:1234': -10, 'enode://2@127.0.0.1:1235': -12, 'enode://3@127.0.0.1:1236': 0, 'enode://4@127.0.0.1:1237': 3, 'enode://5@127.0.0.1:1238': 0, 'enode://6@127.0.0.1:1239': 1, 'enode://7@127.0.0.1:1240': 0, 'enode://8@127.0.0.1:1241': 0, 'enode://9@127.0.0.1:1242': 0, 'enode://10@127.0.0.1:1243': 0, 'enode://11@127.0.0.1:1244': -1, 'enode://12@127.0.0.1:1245': -4, 'enode://13@127.0.0.1:1246': -6, 'enode://14@127.0.0.1:1247': -2, 'enode://15@127.0.0.1:1248': 0, 'enode://16@127.0.0.1:1249': -11, 'enode://17@127.0.0.1:1250': 0, 'enode://18@127.0.0.1:1251': 5, 'enode://19@127.0.0.1:1252': 4, 'enode://20@127.0.0.1:1253': -7, 'enode://21@127.0.0.1:1254': -8, 'enode://22@127.0.0.1:1255': -3, 'enode://23@127.0.0.1:1256': -5, 'enode://24@127.0.0.1:1257': -9, 'enode://25@127.0.0.1:1258': 0}
3 1786649779.853 4450 None {'21': 14, '0': 0, '18': 205, '2': 184, '7': 28, '9': 215, '5': 202, '19': 0, '20': 173, '1': 152, '24': 731, '4': 0, '16': 11, '22': 2, '17': 38, '10': 56, '8': 429, '3': 508, '13': 1381, '14': 35, '11': 13, '23': 2, '12': 19, '6': 0, '25': 0, '15': 0} {'enode://1@127.0.0.1:1234': -9, 'enode://2@127.0.0.1:1235': -11, 'enode://3@127.0.0.1:1236': 0, 'enode://4@127.0.0.1:1237': 3, 'enode://5@127.0.0.1:1238': 0, 'enode://6@127.0.0.1:1239': 1, 'enode://7@127.0.0.1:1240': 0, 'enode://8@127.0.0.1:1241': 0, 'enode://9@127.0.0.1:1242': 2, 'enode://10@127.0.0.1:1243': 2, 'enode://11@127.0.0.1:1244': 0, 'enode://12@127.0.0.1:1245': -3, 'enode://13@127.0.0.1:1246': -5, 'enode://14@127.0.0.1:1247': -1, 'enode://15@127.0.0.1:1248': 0, 'enode://16@127.0.0.1:1249': -10, 'enode://17@127.0.0.1:1250': 0, 'enode://18@127.0.0.1:1251': -12, 'enode://19@127.0.0.1:1252': 4, 'enode://20@127.0.0.1:1253': -6, 'enode://21@127.0.0.1:1254': -7, 'enode://22@127.0.0.1:1255': -2, 'enode://23@127.0.0.1:1256': -4, 'enode://24@127.0.0.1:1257': -8, 'enode://25@127.0.0.1:1258': 0}
3 1786649779.853 4542 None {'21': 14, '0': 0, '18': 233, '2': 184, '7': 28, '9': 215, '5': 202, '19': 0, '20': 173, '1': 152, '24': 731, '4': 0, '16': 11, '22': 2, '17': 38, '10': 56, '8': 429, '3': 508, '13': 1381, '14': 35, '11': 13, '23': 2, '12': 19, '6': 0, '25': 0, '15': 0} {'enode://1@127.0.0.1:1234': -8, 'enode://2@127.0.0.1:1235': -10, 'enode://3@127.0.0.1:1236': 0, 'enode://4@127.0.0.1:1237': 5, 'enode://5@127.0.0.1:1238': 0, 'enode://6@127.0.0.1:1239': 3, 'enode://7@127.0.0.1:1240': 0, 'enode://8@127.0.0.1:1241': 0, 'enode://9@127.0.0.1:1242': 5, 'enode://10@127.0.0.1:1243': 1, 'enode://11@127.0.0.1:1244': 0, 'enode://12@127.0.0.1:1245': -2, 'enode://13@127.0.0.1:1246': -4, 'enode://14@127.0.0.1:1247': 0, 'enode://15@127.0.0.1:1248': 0, 'enode://16@127.0.0.1:1249': -9, 'enode://17@127.0.0.1:1250': 0, 'enode://18@127.0.0.1:1251': -11, 'enode://19@127.0.0.1:1252': -12, 'enode://20@127.0.0.1:1253': -5, 'enode://21@127.0.0.1:1254': -6, 'enode://22@127.0.0.1:1255': -1, 'enode://23@127.0.0.1:1256': -3, 'enode://24@127.0.0.1:1257': -7, 'enode://25@127.0.0.1:1258': 0}
3 1786649779.853 4650 None {'21': 14, '0': 0, '18': 233, '2': 184, '7': 28, '9': 215, '5': 202, '19': 91, '20': 173, '1': 152, '24': 731, '4': 0, '16': 11, '22': 2, '17': 38, '10': 56, '8': 429, '3': 508, '13': 1381, '14': 35, '11': 13, '23': 2, '12': 19, '6': 0, '25': 0, '15': 0} {'enode://1@127.0.0.1:1234': -7, 'enode://2@127.0.0.1:1235': -9, 'enode://3@127.0.0.1:1236': 0, 'enode://4@127.0.0.1:1237': -12, 'enode://5@127.0.0.1:1238': 0, 'enode://6@127.0.0.1:1239': 3, 'enode://7@127.0.0.1:1240': 0, 'enode://8@127.0.0.1:1241': 0, 'enode://9@127.0.0.1:1242': 4, 'enode://10@127.0.0.1:1243': 0, 'enode://11@127.0.0.1:1244': 0, 'enode://12@127.0.0.1:1245': -1, 'enode://13@127.0.0.1:1246': -3, 'enode://14@127.0.0.1:1247': 0, 'enode://15@127.0.0.1:1248': 0, 'enode://16@127.0.0.1:1249': -8, 'enode://17@127.0.0.1:1250': 0, 'enode://18@127.0.0.1:1251': -10, 'enode://19@127.0.0.1:1252': -11, 'enode://20@127.0.0.1:1253': -4, 'enode://21@127.0.0.1:1254': -5, 'enode://22@127.0.0.1:1255': 0, 'enode://23@127.0.0.1:1256': -2, 'enode://24@127.0.0.1:1257': -6, 'enode://25@127.0.0.1:1258': 0}
3 1786649779.853 4686 None {'21': 14, '0': 0, '18': 233, '2': 184, '7': 28, '9': 215, '5': 202, '19': 91, '20': 173, '1': 152, '24': 731, '4': 107, '16': 11, '22': 2, '17': 38, '10': 56, '8': 429, '3': 508, '13': 1381, '14': 35, '11': 13, '23': 2, '12': 19, '6': 0, '25': 0, '15': 0} {'enode://1@127.0.0.1:1234': -6, 'enode://2@127.0.0.1:1235': -8, 'enode://3@127.0.0.1:1236': 0, 'enode://4@127.0.0.1:1237': -11, 'enode://5@127.0.0.1:1238': 0, 'enode://6@127.0.0.1:1239': 3, 'enode://7@127.0.0.1:1240': 0, 'enode://8@127.0.0.1:1241': 0, 'enode://9@127.0.0.1:1242': -12, 'enode://10@127.0.0.1:1243': 0, 'enode://11@127.0.0.1:1244': 0, 'enode://12@127.0.0.1:1245': 0, 'enode://13@127.0.0.1:1246': -2, 'enode://14@127.0.0.1:1247': 0, 'enode://15@127.0.0.1:1248': 0, 'enode://16@127.0.0.1:1249': -7, 'enode://17@127.0.0.1:1250': 0, 'enode://18@127.0.0.1:1251': -9, 'enode://19@127.0.0.1:1252': -10, 'enode://20@127.0.0.1:1253': -3, 'enode://21@127.0.0.1:1254': -4, 'enode://22@127.0.0.1:1255': 0, 'enode://23@127.0.0.1:1256': -1, 'enode://24@127.0.0.1:1257': -5, 'enode://25@127.0.0.1:1258': 0}
3 1786649779.853 4785 None {'21': 14, '0': 0, '18': 233, '2': 184, '7': 28, '9': 250, '5': 202, '19': 91, '20': 173, '1': 152, '24': 731, '4': 107, '16': 11, '22': 2, '17': 38, '10': 56, '8': 429, '3': 508, '13': 1381, '14': 35, '11': 13, '23': 2, '12': 19, '6': 0, '25': 0, '15': 0} {'enode://1@127.0.0.1:1234': -5, 'enode://2@127.0.0.1:1235': -7, 'enode://3@127.0.0.1:1236': 0, 'enode://4@127.0.0.1:1237': -10, 'enode://5@127.0.0.1:1238': 0, 'enode://6@127.0.0.1:1239': -12, 'enode://7@127.0.0.1:1240': 0, 'enode://8@127.0.0.1:1241': 0, 'enode://9@127.0.0.1:1242': -11, 'enode://10@127.0.0.1:1243': 0, 'enode://11@127.0.0.1:1244': 0, 'enode://12@127.0.0.1:1245': 0, 'enode://13@127.0.0.1:1246': -1, 'enode://14@127.0.0.1:1247': 0, 'enode://15@127.0.0.1:1248': 0, 'enode://16@127.0.0.1:1249': -6, 'enode://17@127.0.0.1:1250': 0, 'enode://18@127.0.0.1:1251': -8, 'enode://19@127.0.0.1:1252': -9, 'enode://20@127.0.0.1:1253': -2, 'enode://21@127.0.0.1:1254': -3, 'enode://22@127.0.0.1:1255': 0, 'enode://23@127.0.0.1:1256': 0, 'enode://24@127.0.0.1:1257': -4, 'enode://25@127.0.0.1:1258': 0}
3 1786649779.853 6254 None {'21': 14, '0': 0, '18': 233, '2': 184, '7': 28, '9': 250, '5': 202, '19': 91, '20': 173, '1': 152, '24': 731, '4': 107, '16': 11, '22': 2, '17': 38, '10': 56, '8': 429, '3': 508, '13': 1381, '14': 35, '11': 13, '23': 2, '12': 19, '6': 98, '25': 0, '15': 0} {'enode://1@127.0.0.1:1234': -4, 'enode://2@127.0.0.1:1235': -6, 'enode://3@127.0.0.1:1236': 4, 'enode://4@127.0.0.1:1237': -9, 'enode://5@127.0.0.1:1238': 0, 'enode://6@127.0.0.1:1239': -11, 'enode://7@127.0.0.1:1240': 6, 'enode://8@127.0.0.1:1241': 0, 'enode://9@127.0.0.1:1242': -10, 'enode://10@127.0.0.1:1243': 0, 'enode://11@127.0.0.1:1244': 7, 'enode://12@127.0.0.1:1245': 6, 'enode://13@127.0.0.1:1246': 0, 'enode://14@127.0.0.1:1247': 7, 'enode://15@127.0.0.1:1248': 5, 'enode://16@127.0.0.1:1249': -5, 'enode://17@127.0.0.1:1250': -12, 'enode://18@127.0.0.1:1251': -7, 'enode://19@127.0.0.1:1252': -8, 'enode://20@127.0.0.1:1253': -1, 'enode://21@127.0.0.1:1254': -2, 'enode://22@127.0.0.1:1255': 0, 'enode://23@127.0.0.1:1256': 2, 'enode://24@127.0.0.1:1257': -3, 'enode://25@127.0.0.1:1258': 7}
3 1786649779.853 6674 None {'21': 14, '0': 0, '18': 233, '2': 184, '7': 28, '9': 250, '5': 202, '19': 91, '20': 173, '1': 152, '24': 731, '4': 107, '16': 11, '22': 2, '17': 1506, '10': 56, '8': 429, '3': 508, '13': 1381, '14': 35, '11': 13, '23': 2, '12': 19, '6': 98, '25': 0, '15': 0} {'enode://1@127.0.0.1:1234': -3, 'enode://2@127.0.0.1:1235': -5, 'enode://3@127.0.0.1:1236': 3, 'enode://4@127.0.0.1:1237': -8, 'enode://5@127.0.0.1:1238': 1, 'enode://6@127.0.0.1:1239': -10, 'enode://7@127.0.0.1:1240': -12, 'enode://8@127.0.0.1:1241': 3, 'enode://9@127.0.0.1:1242': -9, 'enode://10@127.0.0.1:1243': 0, 'enode://11@127.0.0.1:1244': 0, 'enode://12@127.0.0.1:1245': 2, 'enode://13@127.0.0.1:1246': 2, 'enode://14@127.0.0.1:1247': 0, 'enode://15@127.0.0.1:1248': 0, 'enode://16@127.0.0.1:1249': -4, 'enode://17@127.0.0.1:1250': -11, 'enode://18@127.0.0.1:1251': -6, 'enode://19@127.0.0.1:1252': -7, 'enode://20@127.0.0.1:1253': 0, 'enode://21@127.0.0.1:1254': -1, 'enode://22@127.0.0.1:1255': 0, 'enode://23@127.0.0.1:1256': 1, 'enode://24@127.0.0.1:1257': -2, 'enode://25@127.0.0.1:1258': 0}
3 1786649779.853 6773 None {'21': 14, '0': 0, '18': 233, '2': 184, '7': 447, '9': 250, '5': 202, '19': 91, '20': 173, '1': 152, '24': 731, '4': 107, '16': 11, '22': 2, '17': 1506, '10': 56, '8': 429, '3': 508, '13': 1381, '14': 35, '11': 13, '23': 2, '12': 19, '6': 98, '25': 0, '15': 0} {'enode://1@127.0.0.1:1234': -2, 'enode://2@127.0.0.1:1235': -4, 'enode://3@127.0.0.1:1236': 3, 'enode://4@127.0.0.1:1237': -7, 'enode://5@127.0.0.1:1238': 0, 'enode://6@127.0.0.1:1239': -9, 'enode://7@127.0.0.1:1240': -11, 'enode://8@127.0.0.1:1241': -12, 'enode://9@127.0.0.1:1242': -8, 'enode://10@127.0.0.1:1243': 0, 'enode://11@127.0.0.1:1244': 0, 'enode://12@127.0.0.1:1245': 0, 'enode://13@127.0.0.1:1246': 2, 'enode://14@127.0.0.1:1247': 0, 'enode://15@127.0.0.1:1248': 0, 'enode://16@127.0.0.1:1249': -3, 'enode://17@127.0.0.1:1250': -10, 'enode://18@127.0.0.1:1251': -5, 'enode://19@127.0.0.1:1252': -6, 'enode://20@127.0.0.1:1253': 0, 'enode://21@127.0.0.1:1254': 0, 'enode://22@127.0.0.1:1255': 0, 'enode://23@127.0.0.1:1256': 1, 'enode://24@127.0.0.1:1257': -1, 'enode://25@127.0.0.1:1258': 0}
3 1786649779.853 6830 None {'21': 14, '0': 0, '18': 233, '2': 184, '7': 447, '9': 250, '5': 202, '19': 91, '20': 173, '1': 152, '24': 731, '4': 107, '16': 11, '22': 2, '17': 1506, '10': 56, '8': 527, '3': 508, '13': 1381, '14': 35, '11': 13, '23': 2, '12': 19, '6': 98, '25': 0, '15': 0} {'enode://1@127.0.0.1:1234': -1, 'enode://2@127.0.0.1:1235': -3, 'enode://3@127.0.0.1:1236': 4, 'enode://4@127.0.0.1:1237': -6, 'enode://5@127.0.0.1:1238': 0, 'enode://6@127.0.0.1:1239': -8, 'enode://7@127.0.0.1:1240': -10, 'enode://8@127.0.0.1:1241': -11, 'enode://9@127.0.0.1:1242': -7, 'enode://10@127.0.0.1:1243': 0, 'enode://11@127.0.0.1:1244': 0, 'enode://12@127.0.0.1:1245': 0, 'enode://13@127.0.0.1:1246': 0, 'enode://14@127.0.0.1:1247': 0, 'enode://15@127.0.0.1:1248': 1, 'enode://16@127.0.0.1:1249': -2, 'enode://17@127.0.0.1:1250': -9, 'enode://18@127.0.0.1:1251': -4, 'enode://19@127.0.0.1:1252': -5, 'enode://20@127.0.0.1:1253': 0, 'enode://21@127.0.0.1:1254': 0, 'enode://22@127.0.0.1:1255': 0, 'enode://23@127.0.0.1:1256': -12, 'enode://24@127.0.0.1:1257': 0, 'enode://25@127.0.0.1:1258': 0}
3 1786649779.853 6841 None {'21': 14, '0': 0, '18': 233, '2': 184, '7': 447, '9': 250, '5': 202, '19': 91, '20': 173, '1': 152, '24': 731, '4': 107, '16': 11, '22': 2, '17': 1506, '10': 56, '8': 527, '3': 508, '13': 1381, '14': 35, '11': 13, '23': 58, '12': 19, '6': 98, '25': 0, '15': 0} {'enode://1@127.0.0.1:1234': 0, 'enode://2@127.0.0.1:1235': -2, 'enode://3@127.0.0.1:1236': 3, 'enode://4@127.0.0.1:1237': -5, 'enode://5@127.0.0.1:1238': 0, 'enode://6@127.0.0.1:1239': -7, 'enode://7@127.0.0.1:1240': -9, 'enode://8@127.0.0.1:1241': -10, 'enode://9@127.0.0.1:1242': -6, 'enode://10@127.0.0.1:1243': 0, 'enode://11@127.0.0.1:1244': 0, 'enode://12@127.0.0.1:1245': 0, 'enode://13@127.0.0.1:1246': 0, 'enode://14@127.0.0.1:1247': 0, 'enode://15@127.0.0.1:1248': -12, 'enode://16@127.0.0.1:1249': -1, 'enode://17@127.0.0.1:1250': -8, 'enode://18@127.0.0.1:1251': -3, 'enode://19@127.0.0.1:1252': -4, 'enode://20@127.0.0.1:1253': 0, 'enode://21@127.0.0.1:1254': 0, 'enode://22@127.0.0.1:1255': 0, 'enode://23@127.0.0.1:1256': -11, 'enode://24@127.0.0.1:1257': 0, 'enode://25@127.0.0.1:1258': 0}
3 1786649779.853 7843 None {'21': 14, '0': 0, '18': 233, '2': 184, '7': 447, '9': 250, '5': 202, '19': 91, '20': 173, '1': 152, '24': 731, '4': 107, '16': 11, '22': 2, '17': 1506, '10': 56, '8': 527, '3': 508, '13': 1381, '14': 35, '11': 13, '23': 58, '12': 19, '6': 98, '25': 0, '15': 10} {'enode://1@127.0.0.1:1234': 0, 'enode://2@127.0.0.1:1235': -1, 'enode://3@127.0.0.1:1236': 0, 'enode://4@127.0.0.1:1237': -4, 'enode://5@127.0.0.1:1238': -12, 'enode://6@127.0.0.1:1239': -6, 'enode://7@127.0.0.1:1240': -8, 'enode://8@127.0.0.1:1241': -9, 'enode://9@127.0.0.1:1242': -5, 'enode://10@127.0.0.1:1243': 4, 'enode://11@127.0.0.1:1244': 0, 'enode://12@127.0.0.1:1245': 0, 'enode://13@127.0.0.1:1246': 0, 'enode://14@127.0.0.1:1247': 4, 'enode://15@127.0.0.1:1248': -11, 'enode://16@127.0.0.1:1249': 0, 'enode://17@127.0.0.1:1250': -7, 'enode://18@127.0.0.1:1251': -2, 'enode://19@127.0.0.1:1252': -3, 'enode://20@127.0.0.1:1253': 3, 'enode://21@127.0.0.1:1254': 0, 'enode://22@127.0.0.1:1255': 0, 'enode://23@127.0.0.1:1256': -10, 'enode://24@127.0.0.1:1257': 6, 'enode://25@127.0.0.1:1258': 2}
3 1786649779.853 8083 None {'21': 14, '0': 0, '18': 233, '2': 184, '7': 447, '9': 250, '5': 1203, '19': 91, '20': 173, '1': 152, '24': 731, '4': 107, '16': 11, '22': 2, '17': 1506, '10': 56, '8': 527, '3': 508, '13': 1381, '14': 35, '11': 13, '23': 58, '12': 19, '6': 98, '25': 0, '15': 10} {'enode://1@127.0.0.1:1234': 0, 'enode://2@127.0.0.1:1235': 0, 'enode://3@127.0.0.1:1236': 0, 'enode://4@127.0.0.1:1237': -3, 'enode://5@127.0.0.1:1238': -11, 'enode://6@127.0.0.1:1239': -5, 'enode://7@127.0.0.1:1240': -7, 'enode://8@127.0.0.1:1241': -8, 'enode://9@127.0.0.1:1242': -4, 'enode://10@127.0.0.1:1243': 4, 'enode://11@127.0.0.1:1244': 0, 'enode://12@127.0.0.1:1245': 0, 'enode://13@127.0.0.1:1246': 0, 'enode://14@127.0.0.1:1247': 4, 'enode://15@127.0.0.1:1248': -10, 'enode://16@127.0.0.1:1249': 0, 'enode://17@127.0.0.1:1250': -6, 'enode://18@127.0.0.1:1251': -1, 'enode://19@127.0.0.1:1252': -2, 'enode://20@127.0.0.1:1253': -12, 'enode://21@127.0.0.1:1254': 0, 'enode://22@127.0.0.1:1255': 0, 'enode://23@127.0.0.1:1256': -9, 'enode://24@127.0.0.1:1257': 0, 'enode://25@127.0.0.1:1258': 8}
3 1786649779.854 8125 None {'21': 14, '0': 0, '18': 233, '2': 184, '7': 447, '9': 250, '5': 1203, '19': 91, '20': 412, '1': 152, '24': 731, '4': 107, '16': 11, '22': 2, '17': 1506, '10': 56, '8': 527, '3': 508, '13': 1381, '14': 35, '11': 13, '23': 58, '12': 19, '6': 98, '25': 0, '15': 10} {'enode://1@127.0.0.1:1234': 0, 'enode://2@127.0.0.1:1235': 3, 'enode://3@127.0.0.1:1236': 0, 'enode://4@127.0.0.1:1237': -2, 'enode://5@127.0.0.1:1238': -10, 'enode://6@127.0.0.1:1239': -4, 'enode://7@127.0.0.1:1240': -6, 'enode://8@127.0.0.1:1241': -7, 'enode://9@127.0.0.1:1242': -3, 'enode://10@127.0.0.1:1243': 0, 'enode://11@127.0.0.1:1244': 0, 'enode://12@127.0.0.1:1245': 0, 'enode://13@127.0.0.1:1246': 0, 'enode://14@127.0.0.1:1247': 0, 'enode://15@127.0.0.1:1248': -9, 'enode://16@127.0.0.1:1249': 0, 'enode://17@127.0.0.1:1250': -5, 'enode://18@127.0.0.1:1251': 0, 'enode://19@127.0.0.1:1252': -1, 'enode://20@127.0.0.1:1253': -11, 'enode://21@127.0.0.1:1254': 0, 'enode://22@127.0.0.1:1255': 0, 'enode://23@127.0.0.1:1256': -8, 'enode://24@127.0.0.1:1257': 0, 'enode://25@127.0.0.1:1258': -12}
3 1786649779.854 8205 None {'21': 14, '0': 0, '18': 233, '2': 184, '7': 447, '9': 250, '5': 1203, '19': 91, '20': 412, '1': 152, '24': 731, '4': 107, '16': 11, '22': 2, '17': 1506, '10': 56, '8': 527, '3': 508, '13': 1381, '14': 35, '11': 13, '23': 58, '12': 19, '6': 98, '25': 41, '15': 10} {'enode://1@127.0.0.1:1234': 0, 'enode://2@127.0.0.1:1235': -12, 'enode://3@127.0.0.1:1236': 0, 'enode://4@127.0.0.1:1237': -1, 'enode://5@127.0.0.1:1238': -9, 'enode://6@127.0.0.1:1239': -3, 'enode://7@127.0.0.1:1240': -5, 'enode://8@127.0.0.1:1241': -6, 'enode://9@127.0.0.1:1242': -2, 'enode://10@127.0.0.1:1243': 0, 'enode://11@127.0.0.1:1244': 0, 'enode://12@127.0.0.1:1245': 0, 'enode://13@127.0.0.1:1246': 0, 'enode://14@127.0.0.1:1247': 0, 'enode://15@127.0.0.1:1248': -8, 'enode://16@127.0.0.1:1249': 0, 'enode://17@127.0.0.1:1250': -4, 'enode://18@127.0.0.1:1251': 0, 'enode://19@127.0.0.1:1252': 0, 'enode://20@127.0.0.1:1253': -10, 'enode://21@127.0.0.1:1254': 0, 'enode://22@127.0.0.1:1255': 0, 'enode://23@127.0.0.1:1256': -7, 'enode://24@127.0.0.1:1257': 0, 'enode://25@127.0.0.1:1258': -11}
3 1786649779.854 8431 None {'21': 14, '0': 0, '18': 233, '2': 263, '7': 447, '9': 250, '5': 1203, '19': 91, '20': 412, '1': 152, '24': 731, '4': 107, '16': 11, '22': 2, '17': 1506, '10': 56, '8': 527, '3': 508, '13': 1381, '14': 35, '11': 13, '23': 58, '12': 19, '6': 98, '25': 41, '15': 10} {'enode://1@127.0.0.1:1234': 0, 'enode://2@127.0.0.1:1235': -11, 'enode://3@127.0.0.1:1236': 0, 'enode://4@127.0.0.1:1237': 0, 'enode://5@127.0.0.1:1238': -8, 'enode://6@127.0.0.1:1239': -2, 'enode://7@127.0.0.1:1240': -4, 'enode://8@127.0.0.1:1241': -5, 'enode://9@127.0.0.1:1242': -1, 'enode://10@127.0.0.1:1243': -12, 'enode://11@127.0.0.1:1244': 0, 'enode://12@127.0.0.1:1245': 0, 'enode://13@127.0.0.1:1246': 0, 'enode://14@127.0.0.1:1247': 2, 'enode://15@127.0.0.1:1248': -7, 'enode://16@127.0.0.1:1249': 0, 'enode://17@127.0.0.1:1250': -3, 'enode://18@127.0.0.1:1251': 0, 'enode://19@127.0.0.1:1252': 0, 'enode://20@127.0.0.1:1253': -9, 'enode://21@127.0.0.1:1254': 0, 'enode://22@127.0.0.1:1255': 0, 'enode://23@127.0.0.1:1256': -6, 'enode://24@127.0.0.1:1257': 0, 'enode://25@127.0.0.1:1258': -10}
3 1786649779.854 8440 None {'21': 14, '0': 0, '18': 233, '2': 263, '7': 447, '9': 250, '5': 1203, '19': 91, '20': 412, '1': 152, '24': 731, '4': 107, '16': 11, '22': 2, '17': 1506, '10': 281, '8': 527, '3': 508, '13': 1381, '14': 35, '11': 13, '23': 58, '12': 19, '6': 98, '25': 41, '15': 10} {'enode://1@127.0.0.1:1234': 0, 'enode://2@127.0.0.1:1235': -10, 'enode://3@127.0.0.1:1236': 0, 'enode://4@127.0.0.1:1237': 3, 'enode://5@127.0.0.1:1238': -7, 'enode://6@127.0.0.1:1239': -1, 'enode://7@127.0.0.1:1240': -3, 'enode://8@127.0.0.1:1241': -4, 'enode://9@127.0.0.1:1242': 0, 'enode://10@127.0.0.1:1243': -11, 'enode://11@127.0.0.1:1244': 0, 'enode://12@127.0.0.1:1245': 0, 'enode://13@127.0.0.1:1246': 0, 'enode://14@127.0.0.1:1247': -12, 'enode://15@127.0.0.1:1248': -6, 'enode://16@127.0.0.1:1249': 0, 'enode://17@127.0.0.1:1250': -2, 'enode://18@127.0.0.1:1251': 0, 'enode://19@127.0.0.1:1252': 0, 'enode://20@127.0.0.1:1253': -8, 'enode://21@127.0.0.1:1254': 0, 'enode://22@127.0.0.1:1255': 0, 'enode://23@127.0.0.1:1256': -5, 'enode://24@127.0.0.1:1257': 0, 'enode://25@127.0.0.1:1258': -9}
3 1786649779.854 8466 None {'21': 14, '0': 0, '18': 233, '2': 263, '7': 447, '9': 250, '5': 1203, '19': 91, '20': 412, '1': 152, '24': 731, '4': 107, '16': 11, '22': 2, '17': 1506, '10': 281, '8': 527, '3': 508, '13': 1381, '14': 43, '11': 13, '23': 58, '12': 19, '6': 98, '25': 41, '15': 10} {'enode://1@127.0.0.1:1234': 0, 'enode://2@127.0.0.1:1235': -9, 'enode://3@127.0.0.1:1236': 0, 'enode://4@127.0.0.1:1237': -12, 'enode://5@127.0.0.1:1238': -6, 'enode://6@127.0.0.1:1239': 0, 'enode://7@127.0.0.1:1240': -2, 'enode://8@127.0.0.1:1241': -3, 'enode://9@127.0.0.1:1242': 0, 'enode://10@127.0.0.1:1243': -10, 'enode://11@127.0.0.1:1244': 0, 'enode://12@127.0.0.1:1245': 0, 'enode://13@127.0.0.1:1246': 0, 'enode://14@127.0.0.1:1247': -11, 'enode://15@127.0.0.1:1248': -5, 'enode://16@127.0.0.1:1249': 0, 'enode://17@127.0.0.1:1250': -1, 'enode://18@127.0.0.1:1251': 0, 'enode://19@127.0.0.1:1252': 0, 'enode://20@127.0.0.1:1253': -7, 'enode://21@127.0.0.1:1254': 0, 'enode://22@127.0.0.1:1255': 0, 'enode://23@127.0.0.1:1256': -4, 'enode://24@127.0.0.1:1257': 0, 'enode://25@127.0.0.1:1258': -8}
3 1786649779.854 9478 None {'21': 14, '0': 0, '18': 233, '2': 263, '7': 447, '9': 250, '5': 1203, '19': 91, '20': 412, '1': 152, '24': 731, '4': 132, '16': 11, '22': 2, '17': 1506, '10': 281, '8': 527, '3': 508, '13': 1381, '14': 43, '11': 13, '23': 58, '12': 19, '6': 98, '25': 41, '15': 10} {'enode://1@127.0.0.1:1234': 0, 'enode://2@127.0.0.1:1235': -8, 'enode://3@127.0.0.1:1236': 0, 'enode://4@127.0.0.1:1237': -11, 'enode://5@127.0.0.1:1238': -5, 'enode://6@127.0.0.1:1239': -12, 'enode://7@127.0.0.1:1240': -1, 'enode://8@127.0.0.1:1241': -2, 'enode://9@127.0.0.1:1242': 0, 'enode://10@127.0.0.1:1243': -9, 'enode://11@127.0.0.1:1244': 0, 'enode://12@127.0.0.1:1245': 0, 'enode://13@127.0.0.1:1246': 3, 'enode://14@127.0.0.1:1247': -10, 'enode://15@127.0.0.1:1248': -4, 'enode://16@127.0.0.1:1249': 2, 'enode://17@127.0.0.1:1250': 0, 'enode://18@127.0.0.1:1251': 0, 'enode://19@127.0.0.1:1252': 1, 'enode://20@127.0.0.1:1253': -6, 'enode://21@127.0.0.1:1254': 0, 'enode://22@127.0.0.1:1255': 0, 'enode://23@127.0.0.1:1256': -3, 'enode://24@127.0.0.1:1257': 1, 'enode://25@127.0.0.1:1258': -7}
3 1786649779.854 9494 None {'21': 14, '0': 0, '18': 233, '2': 263, '7': 447, '9': 250, '5': 1203, '19': 91, '20': 412, '1': 152, '24': 731, '4': 132, '16': 11, '22': 2, '17': 1506, '10': 281, '8': 527, '3': 508, '13': 1381, '14': 43, '11': 13, '23': 58, '12': 19, '6': 1109, '25': 41, '15': 10} {'enode://1@127.0.0.1:1234': 0, 'enode://2@127.0.0.1:1235': -7, 'enode://3@127.0.0.1:1236': 0, 'enode://4@127.0.0.1:1237': -10, 'enode://5@127.0.0.1:1238': -4, 'enode://6@127.0.0.1:1239': -11, 'enode://7@127.0.0.1:1240': 0, 'enode://8@127.0.0.1:1241': -1, 'enode://9@127.0.0.1:1242': 0, 'enode://10@127.0.0.1:1243': -8, 'enode://11@127.0.0.1:1244': 0, 'enode://12@127.0.0.1:1245': 0, 'enode://13@127.0.0.1:1246': 0, 'enode://14@127.0.0.1:1247': -9, 'enode://15@127.0.0.1:1248': -3, 'enode://16@127.0.0.1:1249': 0, 'enode://17@127.0.0.1:1250': 0, 'enode://18@127.0.0.1:1251': 0, 'enode://19@127.0.0.1:1252': 0, 'enode://20@127.0.0.1:1253': -5, 'enode://21@127.0.0.1:1254': 0, 'enode://22@127.0.0.1:1255': 0, 'enode://23@127.0.0.1:1256': -2, 'enode://24@127.0.0.1:1257': -12, 'enode://25@127.0.0.1:1258': -6}
3 1786649779.854 9964 None {'21': 14, '0': 0, '18': 233, '2': 263, '7': 447, '9': 250, '5': 1203, '19': 91, '20': 412, '1': 152, '24': 746, '4': 132, '16': 11, '22': 2, '17': 1506, '10': 281, '8': 527, '3': 508, '13': 1381, '14': 43, '11': 13, '23': 58, '12': 19, '6': 1109, '25': 41, '15': 10} {'enode://1@127.0.0.1:1234': 0, 'enode://2@127.0.0.1:1235': -6, 'enode://3@127.0.0.1:1236': 0, 'enode://4@127.0.0.1:1237': -9, 'enode://5@127.0.0.1:1238': -3, 'enode://6@127.0.0.1:1239': -10, 'enode://7@127.0.0.1:1240': 0, 'enode://8@127.0.0.1:1241': 0, 'enode://9@127.0.0.1:1242': 0, 'enode://10@127.0.0.1:1243': -7, 'enode://11@127.0.0.1:1244': 0, 'enode://12@127.0.0.1:1245': 0, 'enode://13@127.0.0.1:1246': 0, 'enode://14@127.0.0.1:1247': -8, 'enode://15@127.0.0.1:1248': -2, 'enode://16@127.0.0.1:1249': 0, 'enode://17@127.0.0.1:1250': 0, 'enode://18@127.0.0.1:1251': 4, 'enode://19@127.0.0.1:1252': 3, 'enode://20@127.0.0.1:1253': -4, 'enode://21@127.0.0.1:1254': -12, 'enode://22@127.0.0.1:1255': 3, 'enode://23@127.0.0.1:1256': -1, 'enode://24@127.0.0.1:1257': -11, 'enode://25@127.0.0.1:1258': -5}
3 1786649779.854 9985 None {'21': 483, '0': 0, '18': 233, '2': 263, '7': 447, '9': 250, '5': 1203, '19': 91, '20': 412, '1': 152, '24': 746, '4': 132, '16': 11, '22': 2, '17': 1506, '10': 281, '8': 527, '3': 508, '13': 1381, '14': 43, '11': 13, '23': 58, '12': 19, '6': 1109, '25': 41, '15': 10} {'enode://1@127.0.0.1:1234': 0, 'enode://2@127.0.0.1:1235': -5, 'enode://3@127.0.0.1:1236': 0, 'enode://4@127.0.0.1:1237': -8, 'enode://5@127.0.0.1:1238': -2, 'enode://6@127.0.0.1:1239': -9, 'enode://7@127.0.0.1:1240': 0, 'enode://8@127.0.0.1:1241': 0, 'enode://9@127.0.0.1:1242': 0, 'enode://10@127.0.0.1:1243': -6, 'enode://11@127.0.0.1:1244': 0, 'enode://12@127.0.0.1:1245': 0, 'enode://13@127.0.0.1:1246': 0, 'enode://14@127.0.0.1:1247': -7, 'enode://15@127.0.0.1:1248': -1, 'enode://16@127.0.0.1:1249': 0, 'enode://17@127.0.0.1:1250': 0, 'enode://18@127.0.0.1:1251': -12, 'enode://19@127.0.0.1:1252': 3, 'enode://20@127.0.0.1:1253': -3, 'enode://21@127.0.0.1:1254': -11, 'enode://22@127.0.0.1:1255': 3, 'enode://23@127.0.0.1:1256': 0, 'enode://24@127.0.0.1:1257': -10, 'enode://25@127.0.0.1:1258': -4}
3 1786649779.854 9993 None {'21': 483, '0': 0, '18': 253, '2': 263, '7': 447, '9': 250, '5': 1203, '19': 91, '20': 412, '1': 152, '24': 746, '4': 132, '16': 11, '22': 2, '17': 1506, '10': 281, '8': 527, '3': 508, '13': 1381, '14': 43, '11': 13, '23': 58, '12': 19, '6': 1109, '25': 41, '15': 10} {'enode://1@127.0.0.1:1234': 0, 'enode://2@127.0.0.1:1235': -4, 'enode://3@127.0.0.1:1236': 0, 'enode://4@127.0.0.1:1237': -7, 'enode://5@127.0.0.1:1238': -1, 'enode://6@127.0.0.1:1239': -8, 'enode://7@127.0.0.1:1240': 0, 'enode://8@127.0.0.1:1241': 0, 'enode://9@127.0.0.1:1242': 0, 'enode://10@127.0.0.1:1243': -5, 'enode://11@127.0.0.1:1244': 0, 'enode://12@127.0.0.1:1245': 0, 'enode://13@127.0.0.1:1246': 0, 'enode://14@127.0.0.1:1247': -6, 'enode://15@127.0.0.1:1248': 0, 'enode://16@127.0.0.1:1249': 0, 'enode://17@127.0.0.1:1250': 0, 'enode://18@127.0.0.1:1251': -11, 'enode://19@127.0.0.1:1252': -12, 'enode://20@127.0.0.1:1253': -2, 'enode://21@127.0.0.1:1254': -10, 'enode://22@127.0.0.1:1255': 3, 'enode://23@127.0.0.1:1256': 0, 'enode://24@127.0.0.1:1257': -9, 'enode://25@127.0.0.1:1258': -3}
3 1786649779.854 10434 None {'21': 483, '0': 0, '18': 253, '2': 263, '7': 447, '9': 250, '5': 1203, '19': 98, '20': 412, '1': 152, '24': 746, '4': 132, '16': 11, '22': 2, '17': 1506, '10': 281, '8': 527, '3': 508, '13': 1381, '14': 43, '11': 13, '23': 58, '12': 19, '6': 1109, '25': 41, '15': 10} {'enode://1@127.0.0.1:1234': -12, 'enode://2@127.0.0.1:1235': -3, 'enode://3@127.0.0.1:1236': 0, 'enode://4@127.0.0.1:1237': -6, 'enode://5@127.0.0.1:1238': 0, 'enode://6@127.0.0.1:1239': -7, 'enode://7@127.0.0.1:1240': 0, 'enode://8@127.0.0.1:1241': 2, 'enode://9@127.0.0.1:1242': 0, 'enode://10@127.0.0.1:1243': -4, 'enode://11@127.0.0.1:1244': 0, 'enode://12@127.0.0.1:1245': 0, 'enode://13@127.0.0.1:1246': 0, 'enode://14@127.0.0.1:1247': -5, 'enode://15@127.0.0.1:1248': 2, 'enode://16@127.0.0.1:1249': 0, 'enode://17@127.0.0.1:1250': 0, 'enode://18@127.0.0.1:1251': -10, 'enode://19@127.0.0.1:1252': -11, 'enode://20@127.0.0.1:1253': -1, 'enode://21@127.0.0.1:1254': -9, 'enode://22@127.0.0.1:1255': 4, 'enode://23@127.0.0.1:1256': 1, 'enode://24@127.0.0.1:1257': -8, 'enode://25@127.0.0.1:1258': -2}
3 1786649779.854 10452 None {'21': 483, '0': 0, '18': 253, '2': 263, '7': 447, '9': 250, '5': 1203, '19': 98, '20': 412, '1': 592, '24': 746, '4': 132, '16': 11, '22': 2, '17': 1506, '10': 281, '8': 527, '3': 508, '13': 1381, '14': 43, '11': 13, '23': 58, '12': 19, '6': 1109, '25': 41, '15': 10} {'enode://1@127.0.0.1:1234': -11, 'enode://2@127.0.0.1:1235': -2, 'enode://3@127.0.0.1:1236': 0, 'enode://4@127.0.0.1:1237': -5, 'enode://5@127.0.0.1:1238': 0, 'enode://6@127.0.0.1:1239': -6, 'enode://7@127.0.0.1:1240': 0, 'enode://8@127.0.0.1:1241': -12, 'enode://9@127.0.0.1:1242': 0, 'enode://10@127.0.0.1:1243': -3, 'enode://11@127.0.0.1:1244': 0, 'enode://12@127.0.0.1:1245': 0, 'enode://13@127.0.0.1:1246': 0, 'enode://14@127.0.0.1:1247': -4, 'enode://15@127.0.0.1:1248': 1, 'enode://16@127.0.0.1:1249': 0, 'enode://17@127.0.0.1:1250': 0, 'enode://18@127.0.0.1:1251': -9, 'enode://19@127.0.0.1:1252': -10, 'enode://20@127.0.0.1:1253': 0, 'enode://21@127.0.0.1:1254': -8, 'enode://22@127.0.0.1:1255': 0, 'enode://23@127.0.0.1:1256': 0, 'enode://24@127.0.0.1:1257': -7, 'enode://25@127.0.0.1:1258': -1}
3 1786649779.855 10749 None {'21': 483, '0': 0, '18': 253, '2': 263, '7': 447, '9': 250, '5': 1203, '19': 98, '20': 412, '1': 592, '24': 746, '4': 132, '16': 11, '22': 2, '17': 1506, '10': 281, '8': 544, '3': 508, '13': 1381, '14': 43, '11': 13, '23': 58, '12': 19, '6': 1109, '25': 41, '15': 10} {'enode://1@127.0.0.1:1234': -10, 'enode://2@127.0.0.1:1235': -1, 'enode://3@127.0.0.1:1236': 0, 'enode://4@127.0.0.1:1237': -4, 'enode://5@127.0.0.1:1238': 4, 'enode://6@127.0.0.1:1239': -5, 'enode://7@127.0.0.1:1240': 0, 'enode://8@127.0.0.1:1241': -11, 'enode://9@127.0.0.1:1242': 0, 'enode://10@127.0.0.1:1243': -2, 'enode://11@127.0.0.1:1244': 0, 'enode://12@127.0.0.1:1245': 0, 'enode://13@127.0.0.1:1246': 0, 'enode://14@127.0.0.1:1247': -3, 'enode://15@127.0.0.1:1248': -12, 'enode://16@127.0.0.1:1249': 0, 'enode://17@127.0.0.1:1250': 0, 'enode://18@127.0.0.1:1251': -8, 'enode://19@127.0.0.1:1252': -9, 'enode://20@127.0.0.1:1253': 5, 'enode://21@127.0.0.1:1254': -7, 'enode://22@127.0.0.1:1255': 0, 'enode://23@127.0.0.1:1256': 2, 'enode://24@127.0.0.1:1257': -6, 'enode://25@127.0.0.1:1258': 0}
3 1786649779.855 10943 None {'21': 483, '0': 0, '18': 253, '2': 263, '7': 447, '9': 250, '5': 1203, '19': 98, '20': 412, '1': 592, '24': 746, '4': 132, '16': 11, '22': 2, '17': 1506, '10': 281, '8': 544, '3': 508, '13': 1381, '14': 43, '11': 13, '23': 58, '12': 19, '6': 1109, '25': 41, '15': 306} {'enode://1@127.0.0.1:1234': -9, 'enode://2@127.0.0.1:1235': 0, 'enode://3@127.0.0.1:1236': 0, 'enode://4@127.0.0.1:1237': -3, 'enode://5@127.0.0.1:1238': 6, 'enode://6@127.0.0.1:1239': -4, 'enode://7@127.0.0.1:1240': 1, 'enode://8@127.0.0.1:1241': -10, 'enode://9@127.0.0.1:1242': 0, 'enode://10@127.0.0.1:1243': -1, 'enode://11@127.0.0.1:1244': 0, 'enode://12@127.0.0.1:1245': 0, 'enode://13@127.0.0.1:1246': 3, 'enode://14@127.0.0.1:1247': -2, 'enode://15@127.0.0.1:1248': -11, 'enode://16@127.0.0.1:1249': 1, 'enode://17@127.0.0.1:1250': 0, 'enode://18@127.0.0.1:1251': -7, 'enode://19@127.0.0.1:1252': -8, 'enode://20@127.0.0.1:1253': -12, 'enode://21@127.0.0.1:1254': -6, 'enode://22@127.0.0.1:1255': 0, 'enode://23@127.0.0.1:1256': 4, 'enode://24@127.0.0.1:1257': -5, 'enode://25@127.0.0.1:1258': 0}
3 1786649779.855 11001 None {'21': 483, '0': 0, '18': 253, '2': 263, '7': 447, '9': 250, '5': 1203, '19': 98, '20': 605, '1': 592, '24': 746, '4': 132, '16': 11, '22': 2, '17': 1506, '10': 281, '8': 544, '3': 508, '13': 1381, '14': 43, '11': 13, '23': 58, '12': 19, '6': 1109, '25': 41, '15': 306} {'enode://1@127.0.0.1:1234': -8, 'enode://2@127.0.0.1:1235': 0, 'enode://3@127.0.0.1:1236': 0, 'enode://4@127.0.0.1:1237': -2, 'enode://5@127.0.0.1:1238': -12, 'enode://6@127.0.0.1:1239': -3, 'enode://7@127.0.0.1:1240': 1, 'enode://8@127.0.0.1:1241': -9, 'enode://9@127.0.0.1:1242': 0, 'enode://10@127.0.0.1:1243': 0, 'enode://11@127.0.0.1:1244': 0, 'enode://12@127.0.0.1:1245': 0, 'enode://13@127.0.0.1:1246': 2, 'enode://14@127.0.0.1:1247': -1, 'enode://15@127.0.0.1:1248': -10, 'enode://16@127.0.0.1:1249': 0, 'enode://17@127.0.0.1:1250': 0, 'enode://18@127.0.0.1:1251': -6, 'enode://19@127.0.0.1:1252': -7, 'enode://20@127.0.0.1:1253': -11, 'enode://21@127.0.0.1:1254': -5, 'enode://22@127.0.0.1:1255': 0, 'enode://23@127.0.0.1:1256': 4, 'enode://24@127.0.0.1:1257': -4, 'enode://25@127.0.0.1:1258': 0}
3 1786649779.855 11157 None {'21': 483, '0': 0, '18': 253, '2': 263, '7': 447, '9': 250, '5': 1260, '19': 98, '20': 605, '1': 592, '24': 746, '4': 132, '16': 11, '22': 2, '17': 1506, '10': 281, '8': 544, '3': 508, '13': 1381, '14': 43, '11': 13, '23': 58, '12': 19, '6': 1109, '25': 41, '15': 306} {'enode://1@127.0.0.1:1234': -7, 'enode://2@127.0.0.1:1235': 0, 'enode://3@127.0.0.1:1236': 1, 'enode://4@127.0.0.1:1237': -1, 'enode://5@127.0.0.1:1238': -11, 'enode://6@127.0.0.1:1239': -2, 'enode://7@127.0.0.1:1240': -12, 'enode://8@127.0.0.1:1241': -8, 'enode://9@127.0.0.1:1242': 0, 'enode://10@127.0.0.1:1243': 5, 'enode://11@127.0.0.1:1244': 0, 'enode://12@127.0.0.1:1245': 0, 'enode://13@127.0.0.1:1246': 1, 'enode://14@127.0.0.1:1247': 0, 'enode://15@127.0.0.1:1248': -9, 'enode://16@127.0.0.1:1249': 0, 'enode://17@127.0.0.1:1250': 0, 'enode://18@127.0.0.1:1251': -5, 'enode://19@127.0.0.1:1252': -6, 'enode://20@127.0.0.1:1253': -10, 'enode://21@127.0.0.1:1254': -4, 'enode://22@127.0.0.1:1255': 0, 'enode://23@127.0.0.1:1256': 2, 'enode://24@127.0.0.1:1257': -3, 'enode://25@127.0.0.1:1258': 0}
3 1786649779.855 11230 None {'21': 483, '0': 0, '18': 253, '2': 263, '7': 602, '9': 250, '5': 1260, '19': 98, '20': 605, '1': 592, '24': 746, '4': 132, '16': 11, '22': 2, '17': 1506, '10': 281, '8': 544, '3': 508, '13': 1381, '14': 43, '11': 13, '23': 58, '12': 19, '6': 1109, '25': 41, '15': 306} {'enode://1@127.0.0.1:1234': -6, 'enode://2@127.0.0.1:1235': 0, 'enode://3@127.0.0.1:1236': 0, 'enode://4@127.0.0.1:1237': 0, 'enode://5@127.0.0.1:1238': -10, 'enode://6@127.0.0.1:1239': -1, 'enode://7@127.0.0.1:1240': -11, 'enode://8@127.0.0.1:1241': -7, 'enode://9@127.0.0.1:1242': 0, 'enode://10@127.0.0.1:1243': -12, 'enode://11@127.0.0.1:1244': 0, 'enode://12@127.0.0.1:1245': 0, 'enode://13@127.0.0.1:1246': 0, 'enode://14@127.0.0.1:1247': 5, 'enode://15@127.0.0.1:1248': -8, 'enode://16@127.0.0.1:1249': 0, 'enode://17@127.0.0.1:1250': 0, 'enode://18@127.0.0.1:1251': -4, 'enode://19@127.0.0.1:1252': -5, 'enode://20@127.0.0.1:1253': -9, 'enode://21@127.0.0.1:1254': -3, 'enode://22@127.0.0.1:1255': 0, 'enode://23@127.0.0.1:1256': 0, 'enode://24@127.0.0.1:1257': -2, 'enode://25@127.0.0.1:1258': 0}
3 1786649779.855 11254 None {'21': 483, '0': 0, '18': 253, '2': 263, '7': 602, '9': 250, '5': 1260, '19': 98, '20': 605, '1': 592, '24': 746, '4': 132, '16': 11, '22': 2, '17': 1506, '10': 353, '8': 544, '3': 508, '13': 1381, '14': 43, '11': 13, '23': 58, '12': 19, '6': 1109, '25': 41, '15': 306} {'enode://1@127.0.0.1:1234': -5, 'enode://2@127.0.0.1:1235': 0, 'enode://3@127.0.0.1:1236': 0, 'enode://4@127.0.0.1:1237': 4, 'enode://5@127.0.0.1:1238': -9, 'enode://6@127.0.0.1:1239': 0, 'enode://7@127.0.0.1:1240': -10, 'enode://8@127.0.0.1:1241': -6, 'enode://9@127.0.0.1:1242': 0, 'enode://10@127.0.0.1:1243': -11, 'enode://11@127.0.0.1:1244': 0, 'enode://12@127.0.0.1:1245': 0, 'enode://13@127.0.0.1:1246': 0, 'enode://14@127.0.0.1:1247': -12, 'enode://15@127.0.0.1:1248': -7, 'enode://16@127.0.0.1:1249': 0, 'enode://17@127.0.0.1:1250': 0, 'enode://18@127.0.0.1:1251': -3, 'enode://19@127.0.0.1:1252': -4, 'enode://20@127.0.0.1:1253': -8, 'enode://21@127.0.0.1:1254': -2, 'enode://22@127.0.0.1:1255': 0, 'enode://23@127.0.0.1:1256': 0, 'enode://24@127.0.0.1:1257': -1, 'enode://25@127.0.0.1:1258': 0}
3 1786649779.855 11918 None {'21': 483, '0': 0, '18': 253, '2': 263, '7': 602, '9': 250, '5': 1260, '19': 98, '20': 605, '1': 592, '24': 746, '4': 132, '16': 11, '22': 2, '17': 1506, '10': 353, '8': 544, '3': 508, '13': 1381, '14': 66, '11': 13, '23': 58, '12': 19, '6': 1109, '25': 41, '15': 306} {'enode://1@127.0.0.1:1234': -4, 'enode://2@127.0.0.1:1235': 5, 'enode://3@127.0.0.1:1236': 0, 'enode://4@127.0.0.1:1237': 3, 'enode://5@127.0.0.1:1238': -8, 'enode://6@127.0.0.1:1239': 0, 'enode://7@127.0.0.1:1240': -9, 'enode://8@127.0.0.1:1241': -5, 'enode://9@127.0.0.1:1242': 0, 'enode://10@127.0.0.1:1243': -10, 'enode://11@127.0.0.1:1244': 0, 'enode://12@127.0.0.1:1245': 0, 'enode://13@127.0.0.1:1246': 0, 'enode://14@127.0.0.1:1247': -11, 'enode://15@127.0.0.1:1248': -6, 'enode://16@127.0.0.1:1249': 0, 'enode://17@127.0.0.1:1250': 0, 'enode://18@127.0.0.1:1251': -2, 'enode://19@127.0.0.1:1252': -3, 'enode://20@127.0.0.1:1253': -7, 'enode://21@127.0.0.1:1254': -1, 'enode://22@127.0.0.1:1255': -12, 'enode://23@127.0.0.1:1256': 0, 'enode://24@127.0.0.1:1257': 0, 'enode://25@127.0.0.1:1258': 0}
3 1786649779.855 11968 None {'21': 483, '0': 0, '18': 253, '2': 263, '7': 602, '9': 250, '5': 1260, '19': 98, '20': 605, '1': 592, '24': 746, '4': 132, '16': 11, '22': 665, '17': 1506, '10': 353, '8': 544, '3': 508, '13': 1381, '14': 66, '11': 13, '23': 58, '12': 19, '6': 1109, '25': 41, '15': 306} {'enode://1@127.0.0.1:1234': -3, 'enode://2@127.0.0.1:1235': -12, 'enode://3@127.0.0.1:1236': 0, 'enode://4@127.0.0.1:1237': 0, 'enode://5@127.0.0.1:1238': -7, 'enode://6@127.0.0.1:1239': 0, 'enode://7@127.0.0.1:1240': -8, 'enode://8@127.0.0.1:1241': -4, 'enode://9@127.0.0.1:1242': 0, 'enode://10@127.0.0.1:1243': -9, 'enode://11@127.0.0.1:1244': 0, 'enode://12@127.0.0.1:1245': 0, 'enode://13@127.0.0.1:1246': 0, 'enode://14@127.0.0.1:1247': -10, 'enode://15@127.0.0.1:1248': -5, 'enode://16@127.0.0.1:1249': 0, 'enode://17@127.0.0.1:1250': 0, 'enode://18@127.0.0.1:1251': -1, 'enode://19@127.0.0.1:1252': -2, 'enode://20@127.0.0.1:1253': -6, 'enode://21@127.0.0.1:1254': 0, 'enode://22@127.0.0.1:1255': -11, 'enode://23@127.0.0.1:1256': 0, 'enode://24@127.0.0.1:1257': 0, 'enode://25@127.0.0.1:1258': 0}
3 1786649779.855 12684 None {'21': 483, '0': 0, '18': 253, '2': 312, '7': 602, '9': 250, '5': 1260, '19': 98, '20': 605, '1': 592, '24': 746, '4': 132, '16': 11, '22': 665, '17': 1506, '10': 353, '8': 544, '3': 508, '13': 1381, '14': 66, '11': 13, '23': 58, '12': 19, '6': 1109, '25': 41, '15': 306} {'enode://1@127.0.0.1:1234': -2, 'enode://2@127.0.0.1:1235': -11, 'enode://3@127.0.0.1:1236': 0, 'enode://4@127.0.0.1:1237': 0, 'enode://5@127.0.0.1:1238': -6, 'enode://6@127.0.0.1:1239': 0, 'enode://7@127.0.0.1:1240': -7, 'enode://8@127.0.0.1:1241': -3, 'enode://9@127.0.0.1:1242': 0, 'enode://10@127.0.0.1:1243': -8, 'enode://11@127.0.0.1:1244': 3, 'enode://12@127.0.0.1:1245': 0, 'enode://13@127.0.0.1:1246': 0, 'enode://14@127.0.0.1:1247': -9, 'enode://15@127.0.0.1:1248': -4, 'enode://16@127.0.0.1:1249': 0, 'enode://17@127.0.0.1:1250': 0, 'enode://18@127.0.0.1:1251': 0, 'enode://19@127.0.0.1:1252': -1, 'enode://20@127.0.0.1:1253': -5, 'enode://21@127.0.0.1:1254': 5, 'enode://22@127.0.0.1:1255': -10, 'enode://23@127.0.0.1:1256': 0, 'enode://24@127.0.0.1:1257': -12, 'enode://25@127.0.0.1:1258': 2}
3 1786649779.855 13307 None {'21': 483, '0': 0, '18': 253, '2': 312, '7': 602, '9': 250, '5': 1260, '19': 98, '20': 605, '1': 592, '24': 1461, '4': 132, '16': 11, '22': 665, '17': 1506, '10': 353, '8': 544, '3': 508, '13': 1381, '14': 66, '11': 13, '23': 58, '12': 19, '6': 1109, '25': 41, '15': 306} {'enode://1@127.0.0.1:1234': -1, 'enode://2@127.0.0.1:1235': -10, 'enode://3@127.0.0.1:1236': 2, 'enode://4@127.0.0.1:1237': 4, 'enode://5@127.0.0.1:1238': -5, 'enode://6@127.0.0.1:1239': 0, 'enode://7@127.0.0.1:1240': -6, 'enode://8@127.0.0.1:1241': -2, 'enode://9@127.0.0.1:1242': 0, 'enode://10@127.0.0.1:1243': -7, 'enode://11@127.0.0.1:1244': 0, 'enode://12@127.0.0.1:1245': 2, 'enode://13@127.0.0.1:1246': 0, 'enode://14@127.0.0.1:1247': -8, 'enode://15@127.0.0.1:1248': -3, 'enode://16@127.0.0.1:1249': 2, 'enode://17@127.0.0.1:1250': 3, 'enode://18@127.0.0.1:1251': 4, 'enode://19@127.0.0.1:1252': 0, 'enode://20@127.0.0.1:1253': -4, 'enode://21@127.0.0.1:1254': 3, 'enode://22@127.0.0.1:1255': -9, 'enode://23@127.0.0.1:1256': -12, 'enode://24@127.0.0.1:1257': -11, 'enode://25@127.0.0.1:1258': 0}
3 1786649779.855 13323 None {'21': 483, '0': 0, '18': 253, '2': 312, '7': 602, '9': 250, '5': 1260, '19': 98, '20': 605, '1': 592, '24': 1461, '4': 132, '16': 11, '22': 665, '17': 1506, '10': 353, '8': 544, '3': 508, '13': 1381, '14': 66, '11': 13, '23': 680, '12': 19, '6': 1109, '25': 41, '15': 306} {'enode://1@127.0.0.1:1234': 0, 'enode://2@127.0.0.1:1235': -9, 'enode://3@127.0.0.1:1236': 0, 'enode://4@127.0.0.1:1237': -12, 'enode://5@127.0.0.1:1238': -4, 'enode://6@127.0.0.1:1239': 0, 'enode://7@127.0.0.1:1240': -5, 'enode://8@127.0.0.1:1241': -1, 'enode://9@127.0.0.1:1242': 0, 'enode://10@127.0.0.1:1243': -6, 'enode://11@127.0.0.1:1244': 0, 'enode://12@127.0.0.1:1245': 0, 'enode://13@127.0.0.1:1246': 0, 'enode://14@127.0.0.1:1247': -7, 'enode://15@127.0.0.1:1248': -2, 'enode://16@127.0.0.1:1249': 0, 'enode://17@127.0.0.1:1250': 1, 'enode://18@127.0.0.1:1251': 0, 'enode://19@127.0.0.1:1252': 0, 'enode://20@127.0.0.1:1253': -3, 'enode://21@127.0.0.1:1254': 0, 'enode://22@127.0.0.1:1255': -8, 'enode://23@127.0.0.1:1256': -11, 'enode://24@127.0.0.1:1257': -10, 'enode://25@127.0.0.1:1258': 0}
3 1786649779.856 14182 None {'21': 483, '0': 0, '18': 253, '2': 312, '7': 602, '9': 250, '5': 1260, '19': 98, '20': 605, '1': 592, '24': 1461, '4': 147, '16': 11, '22': 665, '17': 1506, '10': 353, '8': 544, '3': 508, '13': 1381, '14': 66, '11': 13, '23': 680, '12': 19, '6': 1109, '25': 41, '15': 306} {'enode://1@127.0.0.1:1234': 0, 'enode://2@127.0.0.1:1235': -8, 'enode://3@127.0.0.1:1236': 3, 'enode://4@127.0.0.1:1237': -11, 'enode://5@127.0.0.1:1238': -3, 'enode://6@127.0.0.1:1239': 0, 'enode://7@127.0.0.1:1240': -4, 'enode://8@127.0.0.1:1241': 0, 'enode://9@127.0.0.1:1242': 2, 'enode://10@127.0.0.1:1243': -5, 'enode://11@127.0.0.1:1244': 0, 'enode://12@127.0.0.1:1245': 0, 'enode://13@127.0.0.1:1246': 0, 'enode://14@127.0.0.1:1247': -6, 'enode://15@127.0.0.1:1248': -1, 'enode://16@127.0.0.1:1249': -12, 'enode://17@127.0.0.1:1250': 0, 'enode://18@127.0.0.1:1251': 0, 'enode://19@127.0.0.1:1252': 0, 'enode://20@127.0.0.1:1253': -2, 'enode://21@127.0.0.1:1254': 0, 'enode://22@127.0.0.1:1255': -7, 'enode://23@127.0.0.1:1256': -10, 'enode://24@127.0.0.1:1257': -9, 'enode://25@127.0.0.1:1258': 0}
3 1786649779.856 14414 None {'21': 483, '0': 0, '18': 253, '2': 312, '7': 602, '9': 250, '5': 1260, '19': 98, '20': 605, '1': 592, '24': 1461, '4': 147, '16': 869, '22': 665, '17': 1506, '10': 353, '8': 544, '3': 508, '13': 1381, '14': 66, '11': 13, '23': 680, '12': 19, '6': 1109, '25': 41, '15': 306} {'enode://1@127.0.0.1:1234': 0, 'enode://2@127.0.0.1:1235': -7, 'enode://3@127.0.0.1:1236': 4, 'enode://4@127.0.0.1:1237': -10, 'enode://5@127.0.0.1:1238': -2, 'enode://6@127.0.0.1:1239': 0, 'enode://7@127.0.0.1:1240': -3, 'enode://8@127.0.0.1:1241': 0, 'enode://9@127.0.0.1:1242': -12, 'enode://10@127.0.0.1:1243': -4, 'enode://11@127.0.0.1:1244': 5, 'enode://12@127.0.0.1:1245': 0, 'enode://13@127.0.0.1:1246': 0, 'enode://14@127.0.0.1:1247': -5, 'enode://15@127.0.0.1:1248': 0, 'enode://16@127.0.0.1:1249': -11, 'enode://17@127.0.0.1:1250': 0, 'enode://18@127.0.0.1:1251': 0, 'enode://19@127.0.0.1:1252': 0, 'enode://20@127.0.0.1:1253': -1, 'enode://21@127.0.0.1:1254': 0, 'enode://22@127.0.0.1:1255': -6, 'enode://23@127.0.0.1:1256': -9, 'enode://24@127.0.0.1:1257': -8, 'enode://25@127.0.0.1:1258': 2}
3 1786649779.856 14418 None {'21': 483, '0': 0, '18': 253, '2': 312, '7': 602, '9': 481, '5': 1260, '19': 98, '20': 605, '1': 592, '24': 1461, '4': 147, '16': 869, '22': 665, '17': 1506, '10': 353, '8': 544, '3': 508, '13': 1381, '14': 66, '11': 13, '23': 680, '12': 19, '6': 1109, '25': 41, '15': 306} {'enode://1@127.0.0.1:1234': 0, 'enode://2@127.0.0.1:1235': -6, 'enode://3@127.0.0.1:1236': 2, 'enode://4@127.0.0.1:1237': -9, 'enode://5@127.0.0.1:1238': -1, 'enode://6@127.0.0.1:1239': 0, 'enode://7@127.0.0.1:1240': -2, 'enode://8@127.0.0.1:1241': 0, 'enode://9@127.0.0.1:1242': -11, 'enode://10@127.0.0.1:1243': -3, 'enode://11@127.0.0.1:1244': -12, 'enode://12@127.0.0.1:1245': 0, 'enode://13@127.0.0.1:1246': 0, 'enode://14@127.0.0.1:1247': -4, 'enode://15@127.0.0.1:1248': 0, 'enode://16@127.0.0.1:1249': -10, 'enode://17@127.0.0.1:1250': 0, 'enode://18@127.0.0.1:1251': 0, 'enode://19@127.0.0.1:1252': 0, 'enode://20@127.0.0.1:1253': 0, 'enode://21@127.0.0.1:1254': 0, 'enode://22@127.0.0.1:1255': -5, 'enode://23@127.0.0.1:1256': -8, 'enode://24@127.0.0.1:1257': -7, 'enode://25@127.0.0.1:1258': 0}
3 1786649779.856 15566 None {'21': 483, '0': 0, '18': 253, '2': 312, '7': 602, '9': 481, '5': 1260, '19': 98, '20': 605, '1': 592, '24': 1461, '4': 147, '16': 869, '22': 665, '17': 1506, '10': 353, '8': 544, '3': 508, '13': 1381, '14': 66, '11': 16, '23': 680, '12': 19, '6': 1109, '25': 41, '15': 306} {'enode://1@127.0.0.1:1234': 0, 'enode://2@127.0.0.1:1235': -5, 'enode://3@127.0.0.1:1236': -12, 'enode://4@127.0.0.1:1237': -8, 'enode://5@127.0.0.1:1238': 0, 'enode://6@127.0.0.1:1239': 2, 'enode://7@127.0.0.1:1240': -1, 'enode://8@127.0.0.1:1241': 0, 'enode://9@127.0.0.1:1242': -10, 'enode://10@127.0.0.1:1243': -2, 'enode://11@127.0.0.1:1244': -11, 'enode://12@127.0.0.1:1245': 1, 'enode://13@127.0.0.1:1246': 5, 'enode://14@127.0.0.1:1247': -3, 'enode://15@127.0.0.1:1248': 0, 'enode://16@127.0.0.1:1249': -9, 'enode://17@127.0.0.1:1250': 3, 'enode://18@127.0.0.1:1251': 0, 'enode://19@127.0.0.1:1252': 0, 'enode://20@127.0.0.1:1253': 0, 'enode://21@127.0.0.1:1254': 0, 'enode://22@127.0.0.1:1255': -4, 'enode://23@127.0.0.1:1256': -7, 'enode://24@127.0.0.1:1257': -6, 'enode://25@127.0.0.1:1258': 0}
3 1786649779.856 15618 None {'21': 483, '0': 0, '18': 253, '2': 312, '7': 602, '9': 481, '5': 1260, '19': 98, '20': 605, '1': 592, '24': 1461, '4': 147, '16': 869, '22': 665, '17': 1506, '10': 353, '8': 544, '3': 1655, '13': 1381, '14': 66, '11': 16, '23': 680, '12': 19, '6': 1109, '25': 41, '15': 306} {'enode://1@127.0.0.1:1234': 0, 'enode://2@127.0.0.1:1235': -4, 'enode://3@127.0.0.1:1236': -11, 'enode://4@127.0.0.1:1237': -7, 'enode://5@127.0.0.1:1238': 1, 'enode://6@127.0.0.1:1239': 3, 'enode://7@127.0.0.1:1240': 0, 'enode://8@127.0.0.1:1241': 0, 'enode://9@127.0.0.1:1242': -9, 'enode://10@127.0.0.1:1243': -1, 'enode://11@127.0.0.1:1244': -10, 'enode://12@127.0.0.1:1245': 1, 'enode://13@127.0.0.1:1246': -12, 'enode://14@127.0.0.1:1247': -2, 'enode://15@127.0.0.1:1248': 0, 'enode://16@127.0.0.1:1249': -8, 'enode://17@127.0.0.1:1250': 4, 'enode://18@127.0.0.1:1251': 0, 'enode://19@127.0.0.1:1252': 0, 'enode://20@127.0.0.1:1253': 0, 'enode://21@127.0.0.1:1254': 0, 'enode://22@127.0.0.1:1255': -3, 'enode://23@127.0.0.1:1256': -6, 'enode://24@127.0.0.1:1257': -5, 'enode://25@127.0.0.1:1258': 0}
3 1786649779.856 15916 None {'21': 483, '0': 0, '18': 253, '2': 312, '7': 602, '9': 481, '5': 1260, '19': 98, '20': 605, '1': 592, '24': 1461, '4': 147, '16': 869, '22': 665, '17': 1506, '10': 353, '8': 544, '3': 1655, '13': 1432, '14': 66, '11': 16, '23': 680, '12': 19, '6': 1109, '25': 41, '15': 306} {'enode://1@127.0.0.1:1234': 0, 'enode://2@127.0.0.1:1235': -3, 'enode://3@127.0.0.1:1236': -10, 'enode://4@127.0.0.1:1237': -6, 'enode://5@127.0.0.1:1238': 2, 'enode://6@127.0.0.1:1239': -12, 'enode://7@127.0.0.1:1240': 5, 'enode://8@127.0.0.1:1241': 2, 'enode://9@127.0.0.1:1242': -8, 'enode://10@127.0.0.1:1243': 0, 'enode://11@127.0.0.1:1244': -9, 'enode://12@127.0.0.1:1245': 2, 'enode://13@127.0.0.1:1246': -11, 'enode://14@127.0.0.1:1247': -1, 'enode://15@127.0.0.1:1248': 0, 'enode://16@127.0.0.1:1249': -7, 'enode://17@127.0.0.1:1250': 3, 'enode://18@127.0.0.1:1251': 0, 'enode://19@127.0.0.1:1252': 0, 'enode://20@127.0.0.1:1253': 0, 'enode://21@127.0.0.1:1254': 0, 'enode://22@127.0.0.1:1255': -2, 'enode://23@127.0.0.1:1256': -5, 'enode://24@127.0.0.1:1257': -4, 'enode://25@127.0.0.1:1258': 0}
3 1786649779.856 16103 None {'21': 483, '0': 0, '18': 253, '2': 312, '7': 602, '9': 481, '5': 1260, '19': 98, '20': 605, '1': 592, '24': 1461, '4': 147, '16': 869, '22': 665, '17': 1506, '10': 353, '8': 544, '3': 1655, '13': 1432, '14': 66, '11': 16, '23': 680, '12': 19, '6': 1406, '25': 41, '15': 306} {'enode://1@127.0.0.1:1234': 0, 'enode://2@127.0.0.1:1235': -2, 'enode://3@127.0.0.1:1236': -9, 'enode://4@127.0.0.1:1237': -5, 'enode://5@127.0.0.1:1238': 2, 'enode://6@127.0.0.1:1239': -11, 'enode://7@127.0.0.1:1240': 0, 'enode://8@127.0.0.1:1241': 0, 'enode://9@127.0.0.1:1242': -7, 'enode://10@127.0.0.1:1243': 0, 'enode://11@127.0.0.1:1244': -8, 'enode://12@127.0.0.1:1245': 0, 'enode://13@127.0.0.1:1246': -10, 'enode://14@127.0.0.1:1247': 0, 'enode://15@127.0.0.1:1248': 0, 'enode://16@127.0.0.1:1249': -6, 'enode://17@127.0.0.1:1250': -12, 'enode://18@127.0.0.1:1251': 0, 'enode://19@127.0.0.1:1252': 4, 'enode://20@127.0.0.1:1253': 0, 'enode://21@127.0.0.1:1254': 0, 'enode://22@127.0.0.1:1255': -1, 'enode://23@127.0.0.1:1256': -4, 'enode://24@127.0.0.1:1257': -3, 'enode://25@127.0.0.1:1258': 0}
3 1786649779.856 16122 None {'21': 483, '0': 0, '18': 253, '2': 312, '7': 602, '9': 481, '5': 1260, '19': 98, '20': 605, '1': 592, '24': 1461, '4': 147, '16': 869, '22': 665, '17': 1692, '10': 353, '8': 544, '3': 1655, '13': 1432, '14': 66, '11': 16, '23': 680, '12': 19, '6': 1406, '25': 41, '15': 306} {'enode://1@127.0.0.1:1234': 0, 'enode://2@127.0.0.1:1235': -1, 'enode://3@127.0.0.1:1236': -8, 'enode://4@127.0.0.1:1237': -4, 'enode://5@127.0.0.1:1238': 2, 'enode://6@127.0.0.1:1239': -10, 'enode://7@127.0.0.1:1240': 0, 'enode://8@127.0.0.1:1241': 0, 'enode://9@127.0.0.1:1242': -6, 'enode://10@127.0.0.1:1243': 0, 'enode://11@127.0.0.1:1244': -7, 'enode://12@127.0.0.1:1245': 0, 'enode://13@127.0.0.1:1246': -9, 'enode://14@127.0.0.1:1247': 1, 'enode://15@127.0.0.1:1248': 0, 'enode://16@127.0.0.1:1249': -5, 'enode://17@127.0.0.1:1250': -11, 'enode://18@127.0.0.1:1251': 0, 'enode://19@127.0.0.1:1252': -12, 'enode://20@127.0.0.1:1253': 0, 'enode://21@127.0.0.1:1254': 0, 'enode://22@127.0.0.1:1255': 0, 'enode://23@127.0.0.1:1256': -3, 'enode://24@127.0.0.1:1257': -2, 'enode://25@127.0.0.1:1258': 0}
3 1786649779.856 16274 None {'21': 483, '0': 0, '18': 253, '2': 312, '7': 602, '9': 481, '5': 1260, '19': 116, '20': 605, '1': 592, '24': 1461, '4': 147, '16': 869, '22': 665, '17': 1692, '10': 353, '8': 544, '3': 1655, '13': 1432, '14': 66, '11': 16, '23': 680, '12': 19, '6': 1406, '25': 41, '15': 306} {'enode://1@127.0.0.1:1234': 3, 'enode://2@127.0.0.1:1235': 0, 'enode://3@127.0.0.1:1236': -7, 'enode://4@127.0.0.1:1237': -3, 'enode://5@127.0.0.1:1238': -12, 'enode://6@127.0.0.1:1239': -9, 'enode://7@127.0.0.1:1240': 0, 'enode://8@127.0.0.1:1241': 0, 'enode://9@127.0.0.1:1242': -5, 'enode://10@127.0.0.1:1243': 0, 'enode://11@127.0.0.1:1244': -6, 'enode://12@127.0.0.1:1245': 0, 'enode://13@127.0.0.1:1246': -8, 'enode://14@127.0.0.1:1247': 2, 'enode://15@127.0.0.1:1248': 0, 'enode://16@127.0.0.1:1249': -4, 'enode://17@127.0.0.1:1250': -10, 'enode://18@127.0.0.1:1251': 0, 'enode://19@127.0.0.1:1252': -11, 'enode://20@127.0.0.1:1253': 1, 'enode://21@127.0.0.1:1254': 0, 'enode://22@127.0.0.1:1255': 0, 'enode://23@127.0.0.1:1256': -2, 'enode://24@127.0.0.1:1257': -1, 'enode://25@127.0.0.1:1258': 0}
3 1786649779.856 16320 None {'21': 483, '0': 0, '18': 253, '2': 312, '7': 602, '9': 481, '5': 1411, '19': 116, '20': 605, '1': 592, '24': 1461, '4': 147, '16': 869, '22': 665, '17': 1692, '10': 353, '8': 544, '3': 1655, '13': 1432, '14': 66, '11': 16, '23': 680, '12': 19, '6': 1406, '25': 41, '15': 306} {'enode://1@127.0.0.1:1234': -12, 'enode://2@127.0.0.1:1235': 0, 'enode://3@127.0.0.1:1236': -6, 'enode://4@127.0.0.1:1237': -2, 'enode://5@127.0.0.1:1238': -11, 'enode://6@127.0.0.1:1239': -8, 'enode://7@127.0.0.1:1240': 0, 'enode://8@127.0.0.1:1241': 0, 'enode://9@127.0.0.1:1242': -4, 'enode://10@127.0.0.1:1243': 0, 'enode://11@127.0.0.1:1244': -5, 'enode://12@127.0.0.1:1245': 0, 'enode://13@127.0.0.1:1246': -7, 'enode://14@127.0.0.1:1247': 2, 'enode://15@127.0.0.1:1248': 0, 'enode://16@127.0.0.1:1249': -3, 'enode://17@127.0.0.1:1250': -9, 'enode://18@127.0.0.1:1251': 0, 'enode://19@127.0.0.1:1252': -10, 'enode://20@127.0.0.1:1253': 2, 'enode://21@127.0.0.1:1254': 0, 'enode://22@127.0.0.1:1255': 0, 'enode://23@127.0.0.1:1256': -1, 'enode://24@127.0.0.1:1257': 0, 'enode://25@127.0.0.1:1258': 0}
3 1786649779.856 16324 None {'21': 483, '0': 0, '18': 253, '2': 312, '7': 602, '9': 481, '5': 1411, '19': 116, '20': 605, '1': 637, '24': 1461, '4': 147, '16': 869, '22': 665, '17': 1692, '10': 353, '8': 544, '3': 1655, '13': 1432, '14': 66, '11': 16, '23': 680, '12': 19, '6': 1406, '25': 41, '15': 306} {'enode://1@127.0.0.1:1234': -11, 'enode://2@127.0.0.1:1235': 0, 'enode://3@127.0.0.1:1236': -5, 'enode://4@127.0.0.1:1237': -1, 'enode://5@127.0.0.1:1238': -10, 'enode://6@127.0.0.1:1239': -7, 'enode://7@127.0.0.1:1240': 0, 'enode://8@127.0.0.1:1241': 0, 'enode://9@127.0.0.1:1242': -3, 'enode://10@127.0.0.1:1243': 0, 'enode://11@127.0.0.1:1244': -4, 'enode://12@127.0.0.1:1245': 0, 'enode://13@127.0.0.1:1246': -6, 'enode://14@127.0.0.1:1247': 0, 'enode://15@127.0.0.1:1248': 0, 'enode://16@127.0.0.1:1249': -2, 'enode://17@127.0.0.1:1250': -8, 'enode://18@127.0.0.1:1251': 0, 'enode://19@127.0.0.1:1252': -9, 'enode://20@127.0.0.1:1253': -12, 'enode://21@127.0.0.1:1254': 0, 'enode://22@127.0.0.1:1255': 0, 'enode://23@127.0.0.1:1256': 0, 'enode://24@127.0.0.1:1257': 0, 'enode://25@127.0.0.1:1258': 0}
3 1786649779.857 16535 None {'21': 483, '0': 0, '18': 253, '2': 312, '7': 602, '9': 481, '5': 1411, '19': 116, '20': 608, '1': 637, '24': 1461, '4': 147, '16': 869, '22': 665, '17': 1692, '10': 353, '8': 544, '3': 1655, '13': 1432, '14': 66, '11': 16, '23': 680, '12': 19, '6': 1406, '25': 41, '15': 306} {'enode://1@127.0.0.1:1234': -10, 'enode://2@127.0.0.1:1235': 0, 'enode://3@127.0.0.1:1236': -4, 'enode://4@127.0.0.1:1237': 0, 'enode://5@127.0.0.1:1238': -9, 'enode://6@127.0.0.1:1239': -6, 'enode://7@127.0.0.1:1240': 0, 'enode://8@127.0.0.1:1241': 0, 'enode://9@127.0.0.1:1242': -2, 'enode://10@127.0.0.1:1243': 0, 'enode://11@127.0.0.1:1244': -3, 'enode://12@127.0.0.1:1245': -12, 'enode://13@127.0.0.1:1246': -5, 'enode://14@127.0.0.1:1247': 0, 'enode://15@127.0.0.1:1248': 0, 'enode://16@127.0.0.1:1249': -1, 'enode://17@127.0.0.1:1250': -7, 'enode://18@127.0.0.1:1251': 0, 'enode://19@127.0.0.1:1252': -8, 'enode://20@127.0.0.1:1253': -11, 'enode://21@127.0.0.1:1254': 0, 'enode://22@127.0.0.1:1255': 0, 'enode://23@127.0.0.1:1256': 5, 'enode://24@127.0.0.1:1257': 1, 'enode://25@127.0.0.1:1258': 0}
