ID TIME n private balances connectivity
12 1787097307.846 0 {} {} {'enode://1@127.0.0.1:1234': 0, 'enode://2@127.0.0.1:1235': 0, 'enode://3@127.0.0.1:1236': 0, 'enode://4@127.0.0.1:1237': 0, 'enode://5@127.0.0.1:1238': 0, 'enode://6@127.0.0.1:1239': 0, 'enode://7@127.0.0.1:1240': 0, 'enode://8@127.0.0.1:1241': 0, 'enode://9@127.0.0.1:1242': 0, 'enode://10@127.0.0.1:1243': 0, 'enode://11@127.0.0.1:1244': 0, 'enode://12@127.0.0.1:1245': 0, 'enode://13@127.0.0.1:1246': 0, 'enode://14@127.0.0.1:1247': 0, 'enode://15@127.0.0.1:1248': 0}
12 1787097307.846 0 None {} {'enode://1@127.0.0.1:1234': 0, 'enode://2@127.0.0.1:1235': 0, 'enode://3@127.0.0.1:1236': 0, 'enode://4@127.0.0.1:1237': 0, 'enode://5@127.0.0.1:1238': 0, 'enode://6@127.0.0.1:1239': 0, 'enode://7@127.0.0.1:1240': -7, 'enode://8@127.0.0.1:1241': 0, 'enode://9@127.0.0.1:1242': 0, 'enode://10@127.0.0.1:1243': 0, 'enode://11@127.0.0.1:1244': 0, 'enode://12@127.0.0.1:1245': 0, 'enode://13@127.0.0.1:1246': 0, 'enode://14@127.0.0.1:1247': 0, 'enode://15@127.0.0.1:1248': 0}
12 1787097307.846 107 None {'3': 0, '0': 0, '4': 0, '12': 0, '8': 0, '9': 0, '13': 0, '2': 0, '10': 0, '14': 0, '11': 0, '7': 0, '1': 0, '6': 0} {'enode://1@127.0.0.1:1234': 0, 'enode://2@127.0.0.1:1235': 0, 'enode://3@127.0.0.1:1236': -7, 'enode://4@127.0.0.1:1237': 0, 'enode://5@127.0.0.1:1238': 0, 'enode://6@127.0.0.1:1239': 0, 'enode://7@127.0.0.1:1240': -6, 'enode://8@127.0.0.1:1241': 0, 'enode://9@127.0.0.1:1242': 0, 'enode://10@127.0.0.1:1243': 0, 'enode://11@127.0.0.1:1244': 0, 'enode://12@127.0.0.1:1245': 0, 'enode://13@127.0.0.1:1246': 0, 'enode://14@127.0.0.1:1247': 0, 'enode://15@127.0.0.1:1248': 0}
12 1787097307.846 118 None {'3': 106, '0': 0, '4': 0, '12': 0, '8': 0, '9': 0, '13': 0, '2': 0, '10': 0, '14': 0, '11': 0, '7': 0, '1': 0, '6': 0} {'enode://1@127.0.0.1:1234': 0, 'enode://2@127.0.0.1:1235': 0, 'enode://3@127.0.0.1:1236': -6, 'enode://4@127.0.0.1:1237': 0, 'enode://5@127.0.0.1:1238': 0, 'enode://6@127.0.0.1:1239': 0, 'enode://7@127.0.0.1:1240': -5, 'enode://8@127.0.0.1:1241': 0, 'enode://9@127.0.0.1:1242': 0, 'enode://10@127.0.0.1:1243': -7, 'enode://11@127.0.0.1:1244': 0, 'enode://12@127.0.0.1:1245': 0, 'enode://13@127.0.0.1:1246': 0, 'enode://14@127.0.0.1:1247': 0, 'enode://15@127.0.0.1:1248': 0}
12 1787097307.846 119 None {'3': 106, '0': 0, '4': 0, '12': 0, '8': 0, '9': 0, '13': 0, '2': 0, '10': 10, '14': 0, '11': 0, '7': 0, '1': 0, '6': 0} {'enode://1@127.0.0.1:1234': 0, 'enode://2@127.0.0.1:1235': -7, 'enode://3@127.0.0.1:1236': -5, 'enode://4@127.0.0.1:1237': 0, 'enode://5@127.0.0.1:1238': 0, 'enode://6@127.0.0.1:1239': 0, 'enode://7@127.0.0.1:1240': -4, 'enode://8@127.0.0.1:1241': 0, 'enode://9@127.0.0.1:1242': 0, 'enode://10@127.0.0.1:1243': -6, 'enode://11@127.0.0.1:1244': 0, 'enode://12@127.0.0.1:1245': 0, 'enode://13@127.0.0.1:1246': 0, 'enode://14@127.0.0.1:1247': 0, 'enode://15@127.0.0.1:1248': 0}
12 1787097307.846 136 None {'3': 106, '0': 0, '4': 0, '12': 0, '8': 0, '9': 0, '13': 0, '2': 0, '10': 10, '14': 0, '11': 0, '7': 0, '1': 0, '6': 0, '5': 0, '15': 0} {'enode://1@127.0.0.1:1234': 0, 'enode://2@127.0.0.1:1235': -6, 'enode://3@127.0.0.1:1236': -4, 'enode://4@127.0.0.1:1237': 0, 'enode://5@127.0.0.1:1238': 0, 'enode://6@127.0.0.1:1239': 0, 'enode://7@127.0.0.1:1240': -3, 'enode://8@127.0.0.1:1241': 0, 'enode://9@127.0.0.1:1242': 0, 'enode://10@127.0.0.1:1243': -5, 'enode://11@127.0.0.1:1244': 0, 'enode://12@127.0.0.1:1245': 0, 'enode://13@127.0.0.1:1246': -7, 'enode://14@127.0.0.1:1247': 0, 'enode://15@127.0.0.1:1248': 0}
12 1787097307.846 192 None {'3': 106, '0': 0, '4': 0, '12': 0, '8': 0, '9': 0, '13': 16, '2': 0, '10': 10, '14': 0, '11': 0, '7': 0, '1': 0, '6': 0, '5': 0, '15': 0} {'enode://1@127.0.0.1:1234': 0, 'enode://2@127.0.0.1:1235': -5, 'enode://3@127.0.0.1:1236': -3, 'enode://4@127.0.0.1:1237': 0, 'enode://5@127.0.0.1:1238': 0, 'enode://6@127.0.0.1:1239': 0, 'enode://7@127.0.0.1:1240': -2, 'enode://8@127.0.0.1:1241': 0, 'enode://9@127.0.0.1:1242': 0, 'enode://10@127.0.0.1:1243': -4, 'enode://11@127.0.0.1:1244': 0, 'enode://12@127.0.0.1:1245': 0, 'enode://13@127.0.0.1:1246': -6, 'enode://14@127.0.0.1:1247': -7, 'enode://15@127.0.0.1:1248': 0}
12 1787097307.846 220 None {'3': 106, '0': 0, '4': 0, '12': 0, '8': 0, '9': 0, '13': 16, '2': 0, '10': 10, '14': 55, '11': 0, '7': 0, '1': 0, '6': 0, '5': 0, '15': 0} {'enode://1@127.0.0.1:1234': 0, 'enode://2@127.0.0.1:1235': -4, 'enode://3@127.0.0.1:1236': -2, 'enode://4@127.0.0.1:1237': 0, 'enode://5@127.0.0.1:1238': 0, 'enode://6@127.0.0.1:1239': 0, 'enode://7@127.0.0.1:1240': -1, 'enode://8@127.0.0.1:1241': 0, 'enode://9@127.0.0.1:1242': -7, 'enode://10@127.0.0.1:1243': -3, 'enode://11@127.0.0.1:1244': 0, 'enode://12@127.0.0.1:1245': 0, 'enode://13@127.0.0.1:1246': -5, 'enode://14@127.0.0.1:1247': -6, 'enode://15@127.0.0.1:1248': 0}
12 1787097307.846 231 None {'3': 106, '0': 0, '4': 0, '12': 0, '8': 0, '9': 27, '13': 16, '2': 0, '10': 10, '14': 55, '11': 0, '7': 0, '1': 0, '6': 0, '5': 0, '15': 0} {'enode://1@127.0.0.1:1234': 0, 'enode://2@127.0.0.1:1235': -3, 'enode://3@127.0.0.1:1236': -1, 'enode://4@127.0.0.1:1237': 0, 'enode://5@127.0.0.1:1238': 0, 'enode://6@127.0.0.1:1239': 0, 'enode://7@127.0.0.1:1240': 0, 'enode://8@127.0.0.1:1241': 0, 'enode://9@127.0.0.1:1242': -6, 'enode://10@127.0.0.1:1243': -2, 'enode://11@127.0.0.1:1244': -7, 'enode://12@127.0.0.1:1245': 0, 'enode://13@127.0.0.1:1246': -4, 'enode://14@127.0.0.1:1247': -5, 'enode://15@127.0.0.1:1248': 0}
12 1787097307.846 245 None {'3': 106, '0': 0, '4': 0, '12': 0, '8': 0, '9': 27, '13': 16, '2': 0, '10': 10, '14': 55, '11': 10, '7': 0, '1': 0, '6': 0, '5': 0, '15': 0} {'enode://1@127.0.0.1:1234': 0, 'enode://2@127.0.0.1:1235': -2, 'enode://3@127.0.0.1:1236': 0, 'enode://4@127.0.0.1:1237': 0, 'enode://5@127.0.0.1:1238': -7, 'enode://6@127.0.0.1:1239': 0, 'enode://7@127.0.0.1:1240': 0, 'enode://8@127.0.0.1:1241': 0, 'enode://9@127.0.0.1:1242': -5, 'enode://10@127.0.0.1:1243': -1, 'enode://11@127.0.0.1:1244': -6, 'enode://12@127.0.0.1:1245': 0, 'enode://13@127.0.0.1:1246': -3, 'enode://14@127.0.0.1:1247': -4, 'enode://15@127.0.0.1:1248': 0}
12 1787097307.846 253 None {'3': 106, '0': 0, '4': 0, '12': 0, '8': 0, '9': 27, '13': 16, '2': 0, '10': 10, '14': 55, '11': 10, '7': 0, '1': 0, '6': 0, '5': 13, '15': 0} {'enode://1@127.0.0.1:1234': 0, 'enode://2@127.0.0.1:1235': -1, 'enode://3@127.0.0.1:1236': 0, 'enode://4@127.0.0.1:1237': 0, 'enode://5@127.0.0.1:1238': -6, 'enode://6@127.0.0.1:1239': 0, 'enode://7@127.0.0.1:1240': 0, 'enode://8@127.0.0.1:1241': 0, 'enode://9@127.0.0.1:1242': -4, 'enode://10@127.0.0.1:1243': 0, 'enode://11@127.0.0.1:1244': -5, 'enode://12@127.0.0.1:1245': 0, 'enode://13@127.0.0.1:1246': -2, 'enode://14@127.0.0.1:1247': -3, 'enode://15@127.0.0.1:1248': -7}
12 1787097307.847 282 None {'3': 106, '0': 0, '4': 0, '12': 0, '8': 0, '9': 27, '13': 16, '2': 0, '10': 10, '14': 55, '11': 10, '7': 0, '1': 0, '6': 0, '5': 13, '15': 7} {'enode://1@127.0.0.1:1234': 0, 'enode://2@127.0.0.1:1235': 0, 'enode://3@127.0.0.1:1236': 0, 'enode://4@127.0.0.1:1237': 0, 'enode://5@127.0.0.1:1238': -5, 'enode://6@127.0.0.1:1239': 0, 'enode://7@127.0.0.1:1240': 0, 'enode://8@127.0.0.1:1241': -7, 'enode://9@127.0.0.1:1242': -3, 'enode://10@127.0.0.1:1243': 0, 'enode://11@127.0.0.1:1244': -4, 'enode://12@127.0.0.1:1245': 0, 'enode://13@127.0.0.1:1246': -1, 'enode://14@127.0.0.1:1247': -2, 'enode://15@127.0.0.1:1248': -6}
12 1787097307.847 315 None {'3': 106, '0': 0, '4': 0, '12': 0, '8': 28, '9': 27, '13': 16, '2': 0, '10': 10, '14': 55, '11': 10, '7': 0, '1': 0, '6': 0, '5': 13, '15': 7} {'enode://1@127.0.0.1:1234': 0, 'enode://2@127.0.0.1:1235': 0, 'enode://3@127.0.0.1:1236': 0, 'enode://4@127.0.0.1:1237': 0, 'enode://5@127.0.0.1:1238': -4, 'enode://6@127.0.0.1:1239': 0, 'enode://7@127.0.0.1:1240': 0, 'enode://8@127.0.0.1:1241': -6, 'enode://9@127.0.0.1:1242': -2, 'enode://10@127.0.0.1:1243': -7, 'enode://11@127.0.0.1:1244': -3, 'enode://12@127.0.0.1:1245': 0, 'enode://13@127.0.0.1:1246': 0, 'enode://14@127.0.0.1:1247': -1, 'enode://15@127.0.0.1:1248': -5}
12 1787097307.847 334 None {'3': 106, '0': 0, '4': 0, '12': 0, '8': 28, '9': 27, '13': 16, '2': 0, '10': 42, '14': 55, '11': 10, '7': 0, '1': 0, '6': 0, '5': 13, '15': 7} {'enode://1@127.0.0.1:1234': 0, 'enode://2@127.0.0.1:1235': 0, 'enode://3@127.0.0.1:1236': 0, 'enode://4@127.0.0.1:1237': -7, 'enode://5@127.0.0.1:1238': -3, 'enode://6@127.0.0.1:1239': 0, 'enode://7@127.0.0.1:1240': 0, 'enode://8@127.0.0.1:1241': -5, 'enode://9@127.0.0.1:1242': -1, 'enode://10@127.0.0.1:1243': -6, 'enode://11@127.0.0.1:1244': -2, 'enode://12@127.0.0.1:1245': 0, 'enode://13@127.0.0.1:1246': 0, 'enode://14@127.0.0.1:1247': 0, 'enode://15@127.0.0.1:1248': -4}
12 1787097307.847 425 None {'3': 106, '0': 0, '4': 18, '12': 0, '8': 28, '9': 27, '13': 16, '2': 0, '10': 42, '14': 55, '11': 10, '7': 0, '1': 0, '6': 0, '5': 13, '15': 7} {'enode://1@127.0.0.1:1234': 0, 'enode://2@127.0.0.1:1235': 0, 'enode://3@127.0.0.1:1236': 0, 'enode://4@127.0.0.1:1237': -6, 'enode://5@127.0.0.1:1238': -2, 'enode://6@127.0.0.1:1239': 0, 'enode://7@127.0.0.1:1240': 0, 'enode://8@127.0.0.1:1241': -4, 'enode://9@127.0.0.1:1242': 0, 'enode://10@127.0.0.1:1243': -5, 'enode://11@127.0.0.1:1244': -1, 'enode://12@127.0.0.1:1245': 0, 'enode://13@127.0.0.1:1246': 0, 'enode://14@127.0.0.1:1247': -7, 'enode://15@127.0.0.1:1248': -3}
12 1787097307.847 435 None {'3': 106, '0': 0, '4': 18, '12': 0, '8': 28, '9': 27, '13': 16, '2': 0, '10': 42, '14': 145, '11': 10, '7': 0, '1': 0, '6': 0, '5': 13, '15': 7} {'enode://1@127.0.0.1:1234': 0, 'enode://2@127.0.0.1:1235': 0, 'enode://3@127.0.0.1:1236': 0, 'enode://4@127.0.0.1:1237': -5, 'enode://5@127.0.0.1:1238': -1, 'enode://6@127.0.0.1:1239': -7, 'enode://7@127.0.0.1:1240': 0, 'enode://8@127.0.0.1:1241': -3, 'enode://9@127.0.0.1:1242': 0, 'enode://10@127.0.0.1:1243': -4, 'enode://11@127.0.0.1:1244': 0, 'enode://12@127.0.0.1:1245': 0, 'enode://13@127.0.0.1:1246': 0, 'enode://14@127.0.0.1:1247': -6, 'enode://15@127.0.0.1:1248': -2}
12 1787097307.847 439 None {'3': 106, '0': 0, '4': 18, '12': 0, '8': 28, '9': 27, '13': 16, '2': 0, '10': 42, '14': 145, '11': 10, '7': 0, '1': 0, '6': 9, '5': 13, '15': 7} {'enode://1@127.0.0.1:1234': 0, 'enode://2@127.0.0.1:1235': 0, 'enode://3@127.0.0.1:1236': 0, 'enode://4@127.0.0.1:1237': -4, 'enode://5@127.0.0.1:1238': 0, 'enode://6@127.0.0.1:1239': -6, 'enode://7@127.0.0.1:1240': 0, 'enode://8@127.0.0.1:1241': -2, 'enode://9@127.0.0.1:1242': 0, 'enode://10@127.0.0.1:1243': -3, 'enode://11@127.0.0.1:1244': -7, 'enode://12@127.0.0.1:1245': 0, 'enode://13@127.0.0.1:1246': 0, 'enode://14@127.0.0.1:1247': -5, 'enode://15@127.0.0.1:1248': -1}
12 1787097307.847 477 None {'3': 106, '0': 0, '4': 18, '12': 0, '8': 28, '9': 27, '13': 16, '2': 0, '10': 42, '14': 145, '11': 13, '7': 0, '1': 0, '6': 9, '5': 13, '15': 7} {'enode://1@127.0.0.1:1234': -7, 'enode://2@127.0.0.1:1235': 0, 'enode://3@127.0.0.1:1236': 0, 'enode://4@127.0.0.1:1237': -3, 'enode://5@127.0.0.1:1238': 0, 'enode://6@127.0.0.1:1239': -5, 'enode://7@127.0.0.1:1240': 0, 'enode://8@127.0.0.1:1241': -1, 'enode://9@127.0.0.1:1242': 0, 'enode://10@127.0.0.1:1243': -2, 'enode://11@127.0.0.1:1244': -6, 'enode://12@127.0.0.1:1245': 0, 'enode://13@127.0.0.1:1246': 0, 'enode://14@127.0.0.1:1247': -4, 'enode://15@127.0.0.1:1248': 0}
12 1787097307.847 520 None {'3': 106, '0': 0, '4': 18, '12': 0, '8': 28, '9': 27, '13': 16, '2': 0, '10': 42, '14': 145, '11': 13, '7': 0, '1': 37, '6': 9, '5': 13, '15': 7} {'enode://1@127.0.0.1:1234': -6, 'enode://2@127.0.0.1:1235': 0, 'enode://3@127.0.0.1:1236': 0, 'enode://4@127.0.0.1:1237': -2, 'enode://5@127.0.0.1:1238': 0, 'enode://6@127.0.0.1:1239': -4, 'enode://7@127.0.0.1:1240': 0, 'enode://8@127.0.0.1:1241': 0, 'enode://9@127.0.0.1:1242': 0, 'enode://10@127.0.0.1:1243': -1, 'enode://11@127.0.0.1:1244': -5, 'enode://12@127.0.0.1:1245': 0, 'enode://13@127.0.0.1:1246': -7, 'enode://14@127.0.0.1:1247': -3, 'enode://15@127.0.0.1:1248': 0}
12 1787097307.847 525 None {'3': 106, '0': 0, '4': 18, '12': 0, '8': 28, '9': 27, '13': 58, '2': 0, '10': 42, '14': 145, '11': 13, '7': 0, '1': 37, '6': 9, '5': 13, '15': 7} {'enode://1@127.0.0.1:1234': -5, 'enode://2@127.0.0.1:1235': 0, 'enode://3@127.0.0.1:1236': 0, 'enode://4@127.0.0.1:1237': -1, 'enode://5@127.0.0.1:1238': 0, 'enode://6@127.0.0.1:1239': -3, 'enode://7@127.0.0.1:1240': 0, 'enode://8@127.0.0.1:1241': 0, 'enode://9@127.0.0.1:1242': 0, 'enode://10@127.0.0.1:1243': 0, 'enode://11@127.0.0.1:1244': -4, 'enode://12@127.0.0.1:1245': -7, 'enode://13@127.0.0.1:1246': -6, 'enode://14@127.0.0.1:1247': -2, 'enode://15@127.0.0.1:1248': 0}
12 1787097307.847 672 None {'3': 106, '0': 0, '4': 18, '12': 4, '8': 28, '9': 27, '13': 58, '2': 0, '10': 42, '14': 145, '11': 13, '7': 0, '1': 37, '6': 9, '5': 13, '15': 7} {'enode://1@127.0.0.1:1234': -4, 'enode://2@127.0.0.1:1235': 0, 'enode://3@127.0.0.1:1236': 0, 'enode://4@127.0.0.1:1237': 0, 'enode://5@127.0.0.1:1238': 0, 'enode://6@127.0.0.1:1239': -2, 'enode://7@127.0.0.1:1240': 0, 'enode://8@127.0.0.1:1241': -7, 'enode://9@127.0.0.1:1242': 0, 'enode://10@127.0.0.1:1243': 0, 'enode://11@127.0.0.1:1244': -3, 'enode://12@127.0.0.1:1245': -6, 'enode://13@127.0.0.1:1246': -5, 'enode://14@127.0.0.1:1247': -1, 'enode://15@127.0.0.1:1248': 0}
12 1787097307.847 686 None {'3': 106, '0': 0, '4': 18, '12': 4, '8': 174, '9': 27, '13': 58, '2': 0, '10': 42, '14': 145, '11': 13, '7': 0, '1': 37, '6': 9, '5': 13, '15': 7} {'enode://1@127.0.0.1:1234': -3, 'enode://2@127.0.0.1:1235': 0, 'enode://3@127.0.0.1:1236': 0, 'enode://4@127.0.0.1:1237': -7, 'enode://5@127.0.0.1:1238': 0, 'enode://6@127.0.0.1:1239': -1, 'enode://7@127.0.0.1:1240': 0, 'enode://8@127.0.0.1:1241': -6, 'enode://9@127.0.0.1:1242': 0, 'enode://10@127.0.0.1:1243': 0, 'enode://11@127.0.0.1:1244': -2, 'enode://12@127.0.0.1:1245': -5, 'enode://13@127.0.0.1:1246': -4, 'enode://14@127.0.0.1:1247': 0, 'enode://15@127.0.0.1:1248': 0}
12 1787097307.847 701 None {'3': 106, '0': 0, '4': 31, '12': 4, '8': 174, '9': 27, '13': 58, '2': 0, '10': 42, '14': 145, '11': 13, '7': 0, '1': 37, '6': 9, '5': 13, '15': 7} {'enode://1@127.0.0.1:1234': -2, 'enode://2@127.0.0.1:1235': 0, 'enode://3@127.0.0.1:1236': -7, 'enode://4@127.0.0.1:1237': -6, 'enode://5@127.0.0.1:1238': 0, 'enode://6@127.0.0.1:1239': 0, 'enode://7@127.0.0.1:1240': 0, 'enode://8@127.0.0.1:1241': -5, 'enode://9@127.0.0.1:1242': 0, 'enode://10@127.0.0.1:1243': 0, 'enode://11@127.0.0.1:1244': -1, 'enode://12@127.0.0.1:1245': -4, 'enode://13@127.0.0.1:1246': -3, 'enode://14@127.0.0.1:1247': 0, 'enode://15@127.0.0.1:1248': 0}
12 1787097307.847 702 None {'3': 120, '0': 0, '4': 31, '12': 4, '8': 174, '9': 27, '13': 58, '2': 0, '10': 42, '14': 145, '11': 13, '7': 0, '1': 37, '6': 9, '5': 13, '15': 7} {'enode://1@127.0.0.1:1234': -1, 'enode://2@127.0.0.1:1235': -7, 'enode://3@127.0.0.1:1236': -6, 'enode://4@127.0.0.1:1237': -5, 'enode://5@127.0.0.1:1238': 0, 'enode://6@127.0.0.1:1239': 0, 'enode://7@127.0.0.1:1240': 0, 'enode://8@127.0.0.1:1241': -4, 'enode://9@127.0.0.1:1242': 0, 'enode://10@127.0.0.1:1243': 0, 'enode://11@127.0.0.1:1244': 0, 'enode://12@127.0.0.1:1245': -3, 'enode://13@127.0.0.1:1246': -2, 'enode://14@127.0.0.1:1247': 0, 'enode://15@127.0.0.1:1248': 0}
12 1787097307.847 894 None {'3': 120, '0': 0, '4': 31, '12': 4, '8': 174, '9': 27, '13': 58, '2': 0, '10': 42, '14': 145, '11': 13, '7': 0, '1': 37, '6': 9, '5': 13, '15': 7} {'enode://1@127.0.0.1:1234': 0, 'enode://2@127.0.0.1:1235': -6, 'enode://3@127.0.0.1:1236': -5, 'enode://4@127.0.0.1:1237': -4, 'enode://5@127.0.0.1:1238': 0, 'enode://6@127.0.0.1:1239': 0, 'enode://7@127.0.0.1:1240': 0, 'enode://8@127.0.0.1:1241': -3, 'enode://9@127.0.0.1:1242': 0, 'enode://10@127.0.0.1:1243': 0, 'enode://11@127.0.0.1:1244': -7, 'enode://12@127.0.0.1:1245': -2, 'enode://13@127.0.0.1:1246': -1, 'enode://14@127.0.0.1:1247': 0, 'enode://15@127.0.0.1:1248': 0}
12 1787097307.847 918 None {'3': 120, '0': 0, '4': 31, '12': 4, '8': 174, '9': 27, '13': 58, '2': 0, '10': 42, '14': 145, '11': 204, '7': 0, '1': 37, '6': 9, '5': 13, '15': 7} {'enode://1@127.0.0.1:1234': -7, 'enode://2@127.0.0.1:1235': -5, 'enode://3@127.0.0.1:1236': -4, 'enode://4@127.0.0.1:1237': -3, 'enode://5@127.0.0.1:1238': 0, 'enode://6@127.0.0.1:1239': 0, 'enode://7@127.0.0.1:1240': 0, 'enode://8@127.0.0.1:1241': -2, 'enode://9@127.0.0.1:1242': 0, 'enode://10@127.0.0.1:1243': 0, 'enode://11@127.0.0.1:1244': -6, 'enode://12@127.0.0.1:1245': -1, 'enode://13@127.0.0.1:1246': 0, 'enode://14@127.0.0.1:1247': 0, 'enode://15@127.0.0.1:1248': 0}
12 1787097307.847 963 None {'3': 120, '0': 0, '4': 31, '12': 4, '8': 174, '9': 27, '13': 58, '2': 0, '10': 42, '14': 145, '11': 204, '7': 0, '1': 60, '6': 9, '5': 13, '15': 7} {'enode://1@127.0.0.1:1234': -6, 'enode://2@127.0.0.1:1235': -4, 'enode://3@127.0.0.1:1236': -3, 'enode://4@127.0.0.1:1237': -2, 'enode://5@127.0.0.1:1238': -7, 'enode://6@127.0.0.1:1239': 0, 'enode://7@127.0.0.1:1240': 0, 'enode://8@127.0.0.1:1241': -1, 'enode://9@127.0.0.1:1242': 0, 'enode://10@127.0.0.1:1243': 0, 'enode://11@127.0.0.1:1244': -5, 'enode://12@127.0.0.1:1245': 0, 'enode://13@127.0.0.1:1246': 0, 'enode://14@127.0.0.1:1247': 0, 'enode://15@127.0.0.1:1248': 0}
12 1787097307.848 1004 None {'3': 120, '0': 0, '4': 31, '12': 4, '8': 174, '9': 27, '13': 58, '2': 0, '10': 42, '14': 145, '11': 204, '7': 0, '1': 60, '6': 9, '5': 57, '15': 7} {'enode://1@127.0.0.1:1234': -5, 'enode://2@127.0.0.1:1235': -3, 'enode://3@127.0.0.1:1236': -2, 'enode://4@127.0.0.1:1237': -1, 'enode://5@127.0.0.1:1238': -6, 'enode://6@127.0.0.1:1239': 0, 'enode://7@127.0.0.1:1240': 0, 'enode://8@127.0.0.1:1241': 0, 'enode://9@127.0.0.1:1242': -7, 'enode://10@127.0.0.1:1243': 0, 'enode://11@127.0.0.1:1244': -4, 'enode://12@127.0.0.1:1245': 0, 'enode://13@127.0.0.1:1246': 0, 'enode://14@127.0.0.1:1247': 0, 'enode://15@127.0.0.1:1248': 0}
12 1787097307.848 1060 None {'3': 120, '0': 0, '4': 31, '12': 4, '8': 174, '9': 67, '13': 58, '2': 0, '10': 42, '14': 145, '11': 204, '7': 0, '1': 60, '6': 9, '5': 57, '15': 7} {'enode://1@127.0.0.1:1234': -4, 'enode://2@127.0.0.1:1235': -2, 'enode://3@127.0.0.1:1236': -1, 'enode://4@127.0.0.1:1237': 0, 'enode://5@127.0.0.1:1238': -5, 'enode://6@127.0.0.1:1239': 0, 'enode://7@127.0.0.1:1240': 0, 'enode://8@127.0.0.1:1241': 0, 'enode://9@127.0.0.1:1242': -6, 'enode://10@127.0.0.1:1243': -7, 'enode://11@127.0.0.1:1244': -3, 'enode://12@127.0.0.1:1245': 0, 'enode://13@127.0.0.1:1246': 0, 'enode://14@127.0.0.1:1247': 0, 'enode://15@127.0.0.1:1248': 0}
12 1787097307.848 1087 None {'3': 120, '0': 0, '4': 31, '12': 4, '8': 174, '9': 67, '13': 58, '2': 0, '10': 97, '14': 145, '11': 204, '7': 0, '1': 60, '6': 9, '5': 57, '15': 7} {'enode://1@127.0.0.1:1234': -3, 'enode://2@127.0.0.1:1235': -1, 'enode://3@127.0.0.1:1236': 0, 'enode://4@127.0.0.1:1237': 0, 'enode://5@127.0.0.1:1238': -4, 'enode://6@127.0.0.1:1239': -7, 'enode://7@127.0.0.1:1240': 0, 'enode://8@127.0.0.1:1241': 0, 'enode://9@127.0.0.1:1242': -5, 'enode://10@127.0.0.1:1243': -6, 'enode://11@127.0.0.1:1244': -2, 'enode://12@127.0.0.1:1245': 0, 'enode://13@127.0.0.1:1246': 0, 'enode://14@127.0.0.1:1247': 0, 'enode://15@127.0.0.1:1248': 0}
12 1787097307.848 1161 None {'3': 120, '0': 0, '4': 31, '12': 4, '8': 174, '9': 67, '13': 58, '2': 0, '10': 97, '14': 145, '11': 204, '7': 0, '1': 60, '6': 35, '5': 57, '15': 7} {'enode://1@127.0.0.1:1234': -2, 'enode://2@127.0.0.1:1235': 0, 'enode://3@127.0.0.1:1236': 0, 'enode://4@127.0.0.1:1237': 0, 'enode://5@127.0.0.1:1238': -3, 'enode://6@127.0.0.1:1239': -6, 'enode://7@127.0.0.1:1240': 0, 'enode://8@127.0.0.1:1241': 0, 'enode://9@127.0.0.1:1242': -4, 'enode://10@127.0.0.1:1243': -5, 'enode://11@127.0.0.1:1244': -1, 'enode://12@127.0.0.1:1245': 0, 'enode://13@127.0.0.1:1246': 0, 'enode://14@127.0.0.1:1247': -7, 'enode://15@127.0.0.1:1248': 0}
12 1787097307.848 1234 None {'3': 120, '0': 0, '4': 31, '12': 4, '8': 174, '9': 67, '13': 58, '2': 0, '10': 97, '14': 218, '11': 204, '7': 0, '1': 60, '6': 35, '5': 57, '15': 7} {'enode://1@127.0.0.1:1234': -1, 'enode://2@127.0.0.1:1235': 0, 'enode://3@127.0.0.1:1236': 0, 'enode://4@127.0.0.1:1237': 0, 'enode://5@127.0.0.1:1238': -2, 'enode://6@127.0.0.1:1239': -5, 'enode://7@127.0.0.1:1240': -7, 'enode://8@127.0.0.1:1241': 0, 'enode://9@127.0.0.1:1242': -3, 'enode://10@127.0.0.1:1243': -4, 'enode://11@127.0.0.1:1244': 0, 'enode://12@127.0.0.1:1245': 0, 'enode://13@127.0.0.1:1246': 0, 'enode://14@127.0.0.1:1247': -6, 'enode://15@127.0.0.1:1248': 0}
12 1787097307.848 1276 None {'3': 120, '0': 0, '4': 31, '12': 4, '8': 174, '9': 67, '13': 58, '2': 0, '10': 97, '14': 218, '11': 204, '7': 72, '1': 60, '6': 35, '5': 57, '15': 7} {'enode://1@127.0.0.1:1234': 0, 'enode://2@127.0.0.1:1235': 0, 'enode://3@127.0.0.1:1236': 0, 'enode://4@127.0.0.1:1237': 0, 'enode://5@127.0.0.1:1238': -1, 'enode://6@127.0.0.1:1239': -4, 'enode://7@127.0.0.1:1240': -6, 'enode://8@127.0.0.1:1241': 0, 'enode://9@127.0.0.1:1242': -2, 'enode://10@127.0.0.1:1243': -3, 'enode://11@127.0.0.1:1244': 0, 'enode://12@127.0.0.1:1245': -7, 'enode://13@127.0.0.1:1246': 0, 'enode://14@127.0.0.1:1247': -5, 'enode://15@127.0.0.1:1248': 0}
12 1787097307.848 1333 None {'3': 120, '0': 0, '4': 31, '12': 45, '8': 174, '9': 67, '13': 58, '2': 0, '10': 97, '14': 218, '11': 204, '7': 72, '1': 60, '6': 35, '5': 57, '15': 7} {'enode://1@127.0.0.1:1234': 0, 'enode://2@127.0.0.1:1235': 0, 'enode://3@127.0.0.1:1236': 0, 'enode://4@127.0.0.1:1237': 0, 'enode://5@127.0.0.1:1238': 0, 'enode://6@127.0.0.1:1239': -3, 'enode://7@127.0.0.1:1240': -5, 'enode://8@127.0.0.1:1241': 0, 'enode://9@127.0.0.1:1242': -1, 'enode://10@127.0.0.1:1243': -2, 'enode://11@127.0.0.1:1244': -7, 'enode://12@127.0.0.1:1245': -6, 'enode://13@127.0.0.1:1246': 0, 'enode://14@127.0.0.1:1247': -4, 'enode://15@127.0.0.1:1248': 0}
12 1787097307.848 1358 None {'3': 120, '0': 0, '4': 31, '12': 45, '8': 174, '9': 67, '13': 58, '2': 0, '10': 97, '14': 218, '11': 260, '7': 72, '1': 60, '6': 35, '5': 57, '15': 7} {'enode://1@127.0.0.1:1234': 0, 'enode://2@127.0.0.1:1235': 0, 'enode://3@127.0.0.1:1236': 0, 'enode://4@127.0.0.1:1237': 0, 'enode://5@127.0.0.1:1238': 0, 'enode://6@127.0.0.1:1239': -2, 'enode://7@127.0.0.1:1240': -4, 'enode://8@127.0.0.1:1241': 0, 'enode://9@127.0.0.1:1242': 0, 'enode://10@127.0.0.1:1243': -1, 'enode://11@127.0.0.1:1244': -6, 'enode://12@127.0.0.1:1245': -5, 'enode://13@127.0.0.1:1246': 0, 'enode://14@127.0.0.1:1247': -3, 'enode://15@127.0.0.1:1248': -7}
12 1787097307.848 1373 None {'3': 120, '0': 0, '4': 31, '12': 45, '8': 174, '9': 67, '13': 58, '2': 0, '10': 97, '14': 218, '11': 260, '7': 72, '1': 60, '6': 35, '5': 57, '15': 31} {'enode://1@127.0.0.1:1234': 0, 'enode://2@127.0.0.1:1235': 0, 'enode://3@127.0.0.1:1236': 0, 'enode://4@127.0.0.1:1237': 0, 'enode://5@127.0.0.1:1238': -7, 'enode://6@127.0.0.1:1239': -1, 'enode://7@127.0.0.1:1240': -3, 'enode://8@127.0.0.1:1241': 0, 'enode://9@127.0.0.1:1242': 0, 'enode://10@127.0.0.1:1243': 0, 'enode://11@127.0.0.1:1244': -5, 'enode://12@127.0.0.1:1245': -4, 'enode://13@127.0.0.1:1246': 0, 'enode://14@127.0.0.1:1247': -2, 'enode://15@127.0.0.1:1248': -6}
12 1787097307.848 1408 None {'3': 120, '0': 0, '4': 31, '12': 45, '8': 174, '9': 67, '13': 58, '2': 0, '10': 97, '14': 218, '11': 260, '7': 72, '1': 60, '6': 35, '5': 71, '15': 31} {'enode://1@127.0.0.1:1234': 0, 'enode://2@127.0.0.1:1235': 0, 'enode://3@127.0.0.1:1236': 0, 'enode://4@127.0.0.1:1237': 0, 'enode://5@127.0.0.1:1238': -6, 'enode://6@127.0.0.1:1239': 0, 'enode://7@127.0.0.1:1240': -2, 'enode://8@127.0.0.1:1241': 0, 'enode://9@127.0.0.1:1242': 0, 'enode://10@127.0.0.1:1243': 0, 'enode://11@127.0.0.1:1244': -4, 'enode://12@127.0.0.1:1245': -3, 'enode://13@127.0.0.1:1246': -7, 'enode://14@127.0.0.1:1247': -1, 'enode://15@127.0.0.1:1248': -5}
12 1787097307.848 1428 None {'3': 120, '0': 0, '4': 31, '12': 45, '8': 174, '9': 67, '13': 92, '2': 0, '10': 97, '14': 218, '11': 260, '7': 72, '1': 60, '6': 35, '5': 71, '15': 31} {'enode://1@127.0.0.1:1234': 0, 'enode://2@127.0.0.1:1235': 0, 'enode://3@127.0.0.1:1236': 0, 'enode://4@127.0.0.1:1237': 0, 'enode://5@127.0.0.1:1238': -5, 'enode://6@127.0.0.1:1239': 0, 'enode://7@127.0.0.1:1240': -1, 'enode://8@127.0.0.1:1241': -7, 'enode://9@127.0.0.1:1242': 0, 'enode://10@127.0.0.1:1243': 0, 'enode://11@127.0.0.1:1244': -3, 'enode://12@127.0.0.1:1245': -2, 'enode://13@127.0.0.1:1246': -6, 'enode://14@127.0.0.1:1247': 0, 'enode://15@127.0.0.1:1248': -4}
12 1787097307.848 1471 None {'3': 120, '0': 0, '4': 31, '12': 45, '8': 193, '9': 67, '13': 92, '2': 0, '10': 97, '14': 218, '11': 260, '7': 72, '1': 60, '6': 35, '5': 71, '15': 31} {'enode://1@127.0.0.1:1234': 0, 'enode://2@127.0.0.1:1235': 0, 'enode://3@127.0.0.1:1236': 0, 'enode://4@127.0.0.1:1237': 0, 'enode://5@127.0.0.1:1238': -4, 'enode://6@127.0.0.1:1239': 0, 'enode://7@127.0.0.1:1240': 0, 'enode://8@127.0.0.1:1241': -6, 'enode://9@127.0.0.1:1242': -7, 'enode://10@127.0.0.1:1243': 0, 'enode://11@127.0.0.1:1244': -2, 'enode://12@127.0.0.1:1245': -1, 'enode://13@127.0.0.1:1246': -5, 'enode://14@127.0.0.1:1247': 0, 'enode://15@127.0.0.1:1248': -3}
12 1787097307.848 1477 None {'3': 120, '0': 0, '4': 31, '12': 45, '8': 193, '9': 109, '13': 92, '2': 0, '10': 97, '14': 218, '11': 260, '7': 72, '1': 60, '6': 35, '5': 71, '15': 31} {'enode://1@127.0.0.1:1234': 0, 'enode://2@127.0.0.1:1235': -7, 'enode://3@127.0.0.1:1236': 0, 'enode://4@127.0.0.1:1237': 0, 'enode://5@127.0.0.1:1238': -3, 'enode://6@127.0.0.1:1239': 0, 'enode://7@127.0.0.1:1240': 0, 'enode://8@127.0.0.1:1241': -5, 'enode://9@127.0.0.1:1242': -6, 'enode://10@127.0.0.1:1243': 0, 'enode://11@127.0.0.1:1244': -1, 'enode://12@127.0.0.1:1245': 0, 'enode://13@127.0.0.1:1246': -4, 'enode://14@127.0.0.1:1247': 0, 'enode://15@127.0.0.1:1248': -2}
12 1787097307.848 1532 None {'3': 120, '0': 0, '4': 31, '12': 45, '8': 193, '9': 109, '13': 92, '2': 5, '10': 97, '14': 218, '11': 260, '7': 72, '1': 60, '6': 35, '5': 71, '15': 31} {'enode://1@127.0.0.1:1234': 0, 'enode://2@127.0.0.1:1235': -6, 'enode://3@127.0.0.1:1236': 0, 'enode://4@127.0.0.1:1237': 0, 'enode://5@127.0.0.1:1238': -2, 'enode://6@127.0.0.1:1239': 0, 'enode://7@127.0.0.1:1240': 0, 'enode://8@127.0.0.1:1241': -4, 'enode://9@127.0.0.1:1242': -5, 'enode://10@127.0.0.1:1243': -7, 'enode://11@127.0.0.1:1244': 0, 'enode://12@127.0.0.1:1245': 0, 'enode://13@127.0.0.1:1246': -3, 'enode://14@127.0.0.1:1247': 0, 'enode://15@127.0.0.1:1248': -1}
12 1787097307.848 1635 None {'3': 120, '0': 0, '4': 31, '12': 45, '8': 193, '9': 109, '13': 92, '2': 5, '10': 151, '14': 218, '11': 260, '7': 72, '1': 60, '6': 35, '5': 71, '15': 31} {'enode://1@127.0.0.1:1234': -7, 'enode://2@127.0.0.1:1235': -5, 'enode://3@127.0.0.1:1236': 0, 'enode://4@127.0.0.1:1237': 0, 'enode://5@127.0.0.1:1238': -1, 'enode://6@127.0.0.1:1239': 0, 'enode://7@127.0.0.1:1240': 0, 'enode://8@127.0.0.1:1241': -3, 'enode://9@127.0.0.1:1242': -4, 'enode://10@127.0.0.1:1243': -6, 'enode://11@127.0.0.1:1244': 0, 'enode://12@127.0.0.1:1245': 0, 'enode://13@127.0.0.1:1246': -2, 'enode://14@127.0.0.1:1247': 0, 'enode://15@127.0.0.1:1248': 0}
12 1787097307.848 1711 None {'3': 120, '0': 0, '4': 31, '12': 45, '8': 193, '9': 109, '13': 92, '2': 5, '10': 151, '14': 218, '11': 260, '7': 72, '1': 162, '6': 35, '5': 71, '15': 31} {'enode://1@127.0.0.1:1234': -6, 'enode://2@127.0.0.1:1235': -4, 'enode://3@127.0.0.1:1236': 0, 'enode://4@127.0.0.1:1237': 0, 'enode://5@127.0.0.1:1238': 0, 'enode://6@127.0.0.1:1239': 0, 'enode://7@127.0.0.1:1240': -7, 'enode://8@127.0.0.1:1241': -2, 'enode://9@127.0.0.1:1242': -3, 'enode://10@127.0.0.1:1243': -5, 'enode://11@127.0.0.1:1244': 0, 'enode://12@127.0.0.1:1245': 0, 'enode://13@127.0.0.1:1246': -1, 'enode://14@127.0.0.1:1247': 0, 'enode://15@127.0.0.1:1248': 0}
12 1787097307.849 1779 None {'3': 120, '0': 0, '4': 31, '12': 45, '8': 193, '9': 109, '13': 92, '2': 5, '10': 151, '14': 218, '11': 260, '7': 147, '1': 162, '6': 35, '5': 71, '15': 31} {'enode://1@127.0.0.1:1234': -5, 'enode://2@127.0.0.1:1235': -3, 'enode://3@127.0.0.1:1236': 0, 'enode://4@127.0.0.1:1237': 0, 'enode://5@127.0.0.1:1238': 0, 'enode://6@127.0.0.1:1239': 0, 'enode://7@127.0.0.1:1240': -6, 'enode://8@127.0.0.1:1241': -1, 'enode://9@127.0.0.1:1242': -2, 'enode://10@127.0.0.1:1243': -4, 'enode://11@127.0.0.1:1244': -7, 'enode://12@127.0.0.1:1245': 0, 'enode://13@127.0.0.1:1246': 0, 'enode://14@127.0.0.1:1247': 0, 'enode://15@127.0.0.1:1248': 0}
12 1787097307.849 1797 None {'3': 120, '0': 0, '4': 31, '12': 45, '8': 193, '9': 109, '13': 92, '2': 5, '10': 151, '14': 218, '11': 327, '7': 147, '1': 162, '6': 35, '5': 71, '15': 31} {'enode://1@127.0.0.1:1234': -4, 'enode://2@127.0.0.1:1235': -2, 'enode://3@127.0.0.1:1236': 0, 'enode://4@127.0.0.1:1237': 0, 'enode://5@127.0.0.1:1238': -7, 'enode://6@127.0.0.1:1239': 0, 'enode://7@127.0.0.1:1240': -5, 'enode://8@127.0.0.1:1241': 0, 'enode://9@127.0.0.1:1242': -1, 'enode://10@127.0.0.1:1243': -3, 'enode://11@127.0.0.1:1244': -6, 'enode://12@127.0.0.1:1245': 0, 'enode://13@127.0.0.1:1246': 0, 'enode://14@127.0.0.1:1247': 0, 'enode://15@127.0.0.1:1248': 0}
12 1787097307.849 1847 None {'3': 120, '0': 0, '4': 31, '12': 45, '8': 193, '9': 109, '13': 92, '2': 5, '10': 151, '14': 218, '11': 327, '7': 147, '1': 162, '6': 35, '5': 88, '15': 31} {'enode://1@127.0.0.1:1234': -3, 'enode://2@127.0.0.1:1235': -1, 'enode://3@127.0.0.1:1236': 0, 'enode://4@127.0.0.1:1237': 0, 'enode://5@127.0.0.1:1238': -6, 'enode://6@127.0.0.1:1239': 0, 'enode://7@127.0.0.1:1240': -4, 'enode://8@127.0.0.1:1241': 0, 'enode://9@127.0.0.1:1242': 0, 'enode://10@127.0.0.1:1243': -2, 'enode://11@127.0.0.1:1244': -5, 'enode://12@127.0.0.1:1245': 0, 'enode://13@127.0.0.1:1246': 0, 'enode://14@127.0.0.1:1247': 0, 'enode://15@127.0.0.1:1248': -7}
12 1787097307.849 1855 None {'3': 120, '0': 0, '4': 31, '12': 45, '8': 193, '9': 109, '13': 92, '2': 5, '10': 151, '14': 218, '11': 327, '7': 147, '1': 162, '6': 35, '5': 88, '15': 80} {'enode://1@127.0.0.1:1234': -2, 'enode://2@127.0.0.1:1235': 0, 'enode://3@127.0.0.1:1236': 0, 'enode://4@127.0.0.1:1237': 0, 'enode://5@127.0.0.1:1238': -5, 'enode://6@127.0.0.1:1239': 0, 'enode://7@127.0.0.1:1240': -3, 'enode://8@127.0.0.1:1241': 0, 'enode://9@127.0.0.1:1242': 0, 'enode://10@127.0.0.1:1243': -1, 'enode://11@127.0.0.1:1244': -4, 'enode://12@127.0.0.1:1245': -7, 'enode://13@127.0.0.1:1246': 0, 'enode://14@127.0.0.1:1247': 0, 'enode://15@127.0.0.1:1248': -6}
12 1787097307.849 1880 None {'3': 120, '0': 0, '4': 31, '12': 52, '8': 193, '9': 109, '13': 92, '2': 5, '10': 151, '14': 218, '11': 327, '7': 147, '1': 162, '6': 35, '5': 88, '15': 80} {'enode://1@127.0.0.1:1234': -1, 'enode://2@127.0.0.1:1235': 0, 'enode://3@127.0.0.1:1236': 0, 'enode://4@127.0.0.1:1237': 0, 'enode://5@127.0.0.1:1238': -4, 'enode://6@127.0.0.1:1239': -7, 'enode://7@127.0.0.1:1240': -2, 'enode://8@127.0.0.1:1241': 0, 'enode://9@127.0.0.1:1242': 0, 'enode://10@127.0.0.1:1243': 0, 'enode://11@127.0.0.1:1244': -3, 'enode://12@127.0.0.1:1245': -6, 'enode://13@127.0.0.1:1246': 0, 'enode://14@127.0.0.1:1247': 0, 'enode://15@127.0.0.1:1248': -5}
12 1787097307.849 1884 None {'3': 120, '0': 0, '4': 31, '12': 52, '8': 193, '9': 109, '13': 92, '2': 5, '10': 151, '14': 218, '11': 327, '7': 147, '1': 162, '6': 59, '5': 88, '15': 80} {'enode://1@127.0.0.1:1234': 0, 'enode://2@127.0.0.1:1235': 0, 'enode://3@127.0.0.1:1236': 0, 'enode://4@127.0.0.1:1237': -7, 'enode://5@127.0.0.1:1238': -3, 'enode://6@127.0.0.1:1239': -6, 'enode://7@127.0.0.1:1240': -1, 'enode://8@127.0.0.1:1241': 0, 'enode://9@127.0.0.1:1242': 0, 'enode://10@127.0.0.1:1243': 0, 'enode://11@127.0.0.1:1244': -2, 'enode://12@127.0.0.1:1245': -5, 'enode://13@127.0.0.1:1246': 0, 'enode://14@127.0.0.1:1247': 0, 'enode://15@127.0.0.1:1248': -4}
12 1787097307.849 1975 None {'3': 120, '0': 0, '4': 34, '12': 52, '8': 193, '9': 109, '13': 92, '2': 5, '10': 151, '14': 218, '11': 327, '7': 147, '1': 162, '6': 59, '5': 88, '15': 80} {'enode://1@127.0.0.1:1234': 0, 'enode://2@127.0.0.1:1235': 0, 'enode://3@127.0.0.1:1236': -7, 'enode://4@127.0.0.1:1237': -6, 'enode://5@127.0.0.1:1238': -2, 'enode://6@127.0.0.1:1239': -5, 'enode://7@127.0.0.1:1240': 0, 'enode://8@127.0.0.1:1241': 0, 'enode://9@127.0.0.1:1242': 0, 'enode://10@127.0.0.1:1243': 0, 'enode://11@127.0.0.1:1244': -1, 'enode://12@127.0.0.1:1245': -4, 'enode://13@127.0.0.1:1246': 0, 'enode://14@127.0.0.1:1247': 0, 'enode://15@127.0.0.1:1248': -3}
12 1787097307.849 2016 None {'3': 210, '0': 0, '4': 34, '12': 52, '8': 193, '9': 109, '13': 92, '2': 5, '10': 151, '14': 218, '11': 327, '7': 147, '1': 162, '6': 59, '5': 88, '15': 80} {'enode://1@127.0.0.1:1234': 0, 'enode://2@127.0.0.1:1235': 0, 'enode://3@127.0.0.1:1236': -6, 'enode://4@127.0.0.1:1237': -5, 'enode://5@127.0.0.1:1238': -1, 'enode://6@127.0.0.1:1239': -4, 'enode://7@127.0.0.1:1240': 0, 'enode://8@127.0.0.1:1241': 0, 'enode://9@127.0.0.1:1242': -7, 'enode://10@127.0.0.1:1243': 0, 'enode://11@127.0.0.1:1244': 0, 'enode://12@127.0.0.1:1245': -3, 'enode://13@127.0.0.1:1246': 0, 'enode://14@127.0.0.1:1247': 0, 'enode://15@127.0.0.1:1248': -2}
12 1787097307.849 2127 None {'3': 210, '0': 0, '4': 34, '12': 52, '8': 193, '9': 149, '13': 92, '2': 5, '10': 151, '14': 218, '11': 327, '7': 147, '1': 162, '6': 59, '5': 88, '15': 80} {'enode://1@127.0.0.1:1234': 0, 'enode://2@127.0.0.1:1235': 0, 'enode://3@127.0.0.1:1236': -5, 'enode://4@127.0.0.1:1237': -4, 'enode://5@127.0.0.1:1238': 0, 'enode://6@127.0.0.1:1239': -3, 'enode://7@127.0.0.1:1240': 0, 'enode://8@127.0.0.1:1241': 0, 'enode://9@127.0.0.1:1242': -6, 'enode://10@127.0.0.1:1243': -7, 'enode://11@127.0.0.1:1244': 0, 'enode://12@127.0.0.1:1245': -2, 'enode://13@127.0.0.1:1246': 0, 'enode://14@127.0.0.1:1247': 0, 'enode://15@127.0.0.1:1248': -1}
12 1787097307.849 2196 None {'3': 210, '0': 0, '4': 34, '12': 52, '8': 193, '9': 149, '13': 92, '2': 5, '10': 261, '14': 218, '11': 327, '7': 147, '1': 162, '6': 59, '5': 88, '15': 80} {'enode://1@127.0.0.1:1234': 0, 'enode://2@127.0.0.1:1235': 0, 'enode://3@127.0.0.1:1236': -4, 'enode://4@127.0.0.1:1237': -3, 'enode://5@127.0.0.1:1238': 0, 'enode://6@127.0.0.1:1239': -2, 'enode://7@127.0.0.1:1240': 0, 'enode://8@127.0.0.1:1241': 0, 'enode://9@127.0.0.1:1242': -5, 'enode://10@127.0.0.1:1243': -6, 'enode://11@127.0.0.1:1244': 0, 'enode://12@127.0.0.1:1245': -1, 'enode://13@127.0.0.1:1246': -7, 'enode://14@127.0.0.1:1247': 0, 'enode://15@127.0.0.1:1248': 0}
12 1787097307.849 2209 None {'3': 210, '0': 0, '4': 34, '12': 52, '8': 193, '9': 149, '13': 160, '2': 5, '10': 261, '14': 218, '11': 327, '7': 147, '1': 162, '6': 59, '5': 88, '15': 80} {'enode://1@127.0.0.1:1234': 0, 'enode://2@127.0.0.1:1235': 0, 'enode://3@127.0.0.1:1236': -3, 'enode://4@127.0.0.1:1237': -2, 'enode://5@127.0.0.1:1238': 0, 'enode://6@127.0.0.1:1239': -1, 'enode://7@127.0.0.1:1240': 0, 'enode://8@127.0.0.1:1241': 0, 'enode://9@127.0.0.1:1242': -4, 'enode://10@127.0.0.1:1243': -5, 'enode://11@127.0.0.1:1244': 0, 'enode://12@127.0.0.1:1245': 0, 'enode://13@127.0.0.1:1246': -6, 'enode://14@127.0.0.1:1247': -7, 'enode://15@127.0.0.1:1248': 0}
12 1787097307.849 2243 None {'3': 210, '0': 0, '4': 34, '12': 52, '8': 193, '9': 149, '13': 160, '2': 5, '10': 261, '14': 230, '11': 327, '7': 147, '1': 162, '6': 59, '5': 88, '15': 80} {'enode://1@127.0.0.1:1234': 0, 'enode://2@127.0.0.1:1235': 0, 'enode://3@127.0.0.1:1236': -2, 'enode://4@127.0.0.1:1237': -1, 'enode://5@127.0.0.1:1238': 0, 'enode://6@127.0.0.1:1239': 0, 'enode://7@127.0.0.1:1240': 0, 'enode://8@127.0.0.1:1241': 0, 'enode://9@127.0.0.1:1242': -3, 'enode://10@127.0.0.1:1243': -4, 'enode://11@127.0.0.1:1244': 0, 'enode://12@127.0.0.1:1245': -7, 'enode://13@127.0.0.1:1246': -5, 'enode://14@127.0.0.1:1247': -6, 'enode://15@127.0.0.1:1248': 0}
12 1787097307.849 2334 None {'3': 210, '0': 0, '4': 34, '12': 85, '8': 193, '9': 149, '13': 160, '2': 5, '10': 261, '14': 230, '11': 327, '7': 147, '1': 162, '6': 59, '5': 88, '15': 80} {'enode://1@127.0.0.1:1234': 0, 'enode://2@127.0.0.1:1235': 0, 'enode://3@127.0.0.1:1236': -1, 'enode://4@127.0.0.1:1237': 0, 'enode://5@127.0.0.1:1238': 0, 'enode://6@127.0.0.1:1239': 0, 'enode://7@127.0.0.1:1240': 0, 'enode://8@127.0.0.1:1241': 0, 'enode://9@127.0.0.1:1242': -2, 'enode://10@127.0.0.1:1243': -3, 'enode://11@127.0.0.1:1244': -7, 'enode://12@127.0.0.1:1245': -6, 'enode://13@127.0.0.1:1246': -4, 'enode://14@127.0.0.1:1247': -5, 'enode://15@127.0.0.1:1248': 0}
12 1787097307.849 2358 None {'3': 210, '0': 0, '4': 34, '12': 85, '8': 193, '9': 149, '13': 160, '2': 5, '10': 261, '14': 230, '11': 417, '7': 147, '1': 162, '6': 59, '5': 88, '15': 80} {'enode://1@127.0.0.1:1234': -7, 'enode://2@127.0.0.1:1235': 0, 'enode://3@127.0.0.1:1236': 0, 'enode://4@127.0.0.1:1237': 0, 'enode://5@127.0.0.1:1238': 0, 'enode://6@127.0.0.1:1239': 0, 'enode://7@127.0.0.1:1240': 0, 'enode://8@127.0.0.1:1241': 0, 'enode://9@127.0.0.1:1242': -1, 'enode://10@127.0.0.1:1243': -2, 'enode://11@127.0.0.1:1244': -6, 'enode://12@127.0.0.1:1245': -5, 'enode://13@127.0.0.1:1246': -3, 'enode://14@127.0.0.1:1247': -4, 'enode://15@127.0.0.1:1248': 0}
12 1787097307.849 2677 None {'3': 210, '0': 0, '4': 34, '12': 85, '8': 193, '9': 149, '13': 160, '2': 5, '10': 261, '14': 230, '11': 417, '7': 147, '1': 185, '6': 59, '5': 88, '15': 80} {'enode://1@127.0.0.1:1234': -6, 'enode://2@127.0.0.1:1235': -7, 'enode://3@127.0.0.1:1236': 0, 'enode://4@127.0.0.1:1237': 0, 'enode://5@127.0.0.1:1238': 0, 'enode://6@127.0.0.1:1239': 0, 'enode://7@127.0.0.1:1240': 0, 'enode://8@127.0.0.1:1241': 0, 'enode://9@127.0.0.1:1242': 0, 'enode://10@127.0.0.1:1243': -1, 'enode://11@127.0.0.1:1244': -5, 'enode://12@127.0.0.1:1245': -4, 'enode://13@127.0.0.1:1246': -2, 'enode://14@127.0.0.1:1247': -3, 'enode://15@127.0.0.1:1248': 0}
12 1787097307.849 2719 None {'3': 210, '0': 0, '4': 34, '12': 85, '8': 193, '9': 149, '13': 160, '2': 323, '10': 261, '14': 230, '11': 417, '7': 147, '1': 185, '6': 59, '5': 88, '15': 80} {'enode://1@127.0.0.1:1234': -5, 'enode://2@127.0.0.1:1235': -6, 'enode://3@127.0.0.1:1236': 0, 'enode://4@127.0.0.1:1237': 0, 'enode://5@127.0.0.1:1238': 0, 'enode://6@127.0.0.1:1239': -7, 'enode://7@127.0.0.1:1240': 0, 'enode://8@127.0.0.1:1241': 0, 'enode://9@127.0.0.1:1242': 0, 'enode://10@127.0.0.1:1243': 0, 'enode://11@127.0.0.1:1244': -4, 'enode://12@127.0.0.1:1245': -3, 'enode://13@127.0.0.1:1246': -1, 'enode://14@127.0.0.1:1247': -2, 'enode://15@127.0.0.1:1248': 0}
12 1787097307.85 2774 None {'3': 210, '0': 0, '4': 34, '12': 85, '8': 193, '9': 149, '13': 160, '2': 323, '10': 261, '14': 230, '11': 417, '7': 147, '1': 185, '6': 100, '5': 88, '15': 80} {'enode://1@127.0.0.1:1234': -4, 'enode://2@127.0.0.1:1235': -5, 'enode://3@127.0.0.1:1236': 0, 'enode://4@127.0.0.1:1237': 0, 'enode://5@127.0.0.1:1238': 0, 'enode://6@127.0.0.1:1239': -6, 'enode://7@127.0.0.1:1240': 0, 'enode://8@127.0.0.1:1241': -7, 'enode://9@127.0.0.1:1242': 0, 'enode://10@127.0.0.1:1243': 0, 'enode://11@127.0.0.1:1244': -3, 'enode://12@127.0.0.1:1245': -2, 'enode://13@127.0.0.1:1246': 0, 'enode://14@127.0.0.1:1247': -1, 'enode://15@127.0.0.1:1248': 0}
12 1787097307.85 2789 None {'3': 210, '0': 0, '4': 34, '12': 85, '8': 247, '9': 149, '13': 160, '2': 323, '10': 261, '14': 230, '11': 417, '7': 147, '1': 185, '6': 100, '5': 88, '15': 80} {'enode://1@127.0.0.1:1234': -3, 'enode://2@127.0.0.1:1235': -4, 'enode://3@127.0.0.1:1236': 0, 'enode://4@127.0.0.1:1237': 0, 'enode://5@127.0.0.1:1238': 0, 'enode://6@127.0.0.1:1239': -5, 'enode://7@127.0.0.1:1240': 0, 'enode://8@127.0.0.1:1241': -6, 'enode://9@127.0.0.1:1242': 0, 'enode://10@127.0.0.1:1243': -7, 'enode://11@127.0.0.1:1244': -2, 'enode://12@127.0.0.1:1245': -1, 'enode://13@127.0.0.1:1246': 0, 'enode://14@127.0.0.1:1247': 0, 'enode://15@127.0.0.1:1248': 0}
12 1787097307.85 2854 None {'3': 210, '0': 0, '4': 34, '12': 85, '8': 247, '9': 149, '13': 160, '2': 323, '10': 275, '14': 230, '11': 417, '7': 147, '1': 185, '6': 100, '5': 88, '15': 80} {'enode://1@127.0.0.1:1234': -2, 'enode://2@127.0.0.1:1235': -3, 'enode://3@127.0.0.1:1236': -7, 'enode://4@127.0.0.1:1237': 0, 'enode://5@127.0.0.1:1238': 0, 'enode://6@127.0.0.1:1239': -4, 'enode://7@127.0.0.1:1240': 0, 'enode://8@127.0.0.1:1241': -5, 'enode://9@127.0.0.1:1242': 0, 'enode://10@127.0.0.1:1243': -6, 'enode://11@127.0.0.1:1244': -1, 'enode://12@127.0.0.1:1245': 0, 'enode://13@127.0.0.1:1246': 0, 'enode://14@127.0.0.1:1247': 0, 'enode://15@127.0.0.1:1248': 0}
12 1787097307.85 2951 None {'3': 274, '0': 0, '4': 34, '12': 85, '8': 247, '9': 149, '13': 160, '2': 323, '10': 275, '14': 230, '11': 417, '7': 147, '1': 185, '6': 100, '5': 88, '15': 80} {'enode://1@127.0.0.1:1234': -1, 'enode://2@127.0.0.1:1235': -2, 'enode://3@127.0.0.1:1236': -6, 'enode://4@127.0.0.1:1237': 0, 'enode://5@127.0.0.1:1238': 0, 'enode://6@127.0.0.1:1239': -3, 'enode://7@127.0.0.1:1240': 0, 'enode://8@127.0.0.1:1241': -4, 'enode://9@127.0.0.1:1242': 0, 'enode://10@127.0.0.1:1243': -5, 'enode://11@127.0.0.1:1244': 0, 'enode://12@127.0.0.1:1245': -7, 'enode://13@127.0.0.1:1246': 0, 'enode://14@127.0.0.1:1247': 0, 'enode://15@127.0.0.1:1248': 0}
12 1787097307.85 3055 None {'3': 274, '0': 0, '4': 34, '12': 181, '8': 247, '9': 149, '13': 160, '2': 323, '10': 275, '14': 230, '11': 417, '7': 147, '1': 185, '6': 100, '5': 88, '15': 80} {'enode://1@127.0.0.1:1234': 0, 'enode://2@127.0.0.1:1235': -1, 'enode://3@127.0.0.1:1236': -5, 'enode://4@127.0.0.1:1237': 0, 'enode://5@127.0.0.1:1238': 0, 'enode://6@127.0.0.1:1239': -2, 'enode://7@127.0.0.1:1240': 0, 'enode://8@127.0.0.1:1241': -3, 'enode://9@127.0.0.1:1242': 0, 'enode://10@127.0.0.1:1243': -4, 'enode://11@127.0.0.1:1244': 0, 'enode://12@127.0.0.1:1245': -6, 'enode://13@127.0.0.1:1246': 0, 'enode://14@127.0.0.1:1247': -7, 'enode://15@127.0.0.1:1248': 0}
12 1787097307.85 3142 None {'3': 274, '0': 0, '4': 34, '12': 181, '8': 247, '9': 149, '13': 160, '2': 323, '10': 275, '14': 333, '11': 417, '7': 147, '1': 185, '6': 100, '5': 88, '15': 80} {'enode://1@127.0.0.1:1234': 0, 'enode://2@127.0.0.1:1235': 0, 'enode://3@127.0.0.1:1236': -4, 'enode://4@127.0.0.1:1237': -7, 'enode://5@127.0.0.1:1238': 0, 'enode://6@127.0.0.1:1239': -1, 'enode://7@127.0.0.1:1240': 0, 'enode://8@127.0.0.1:1241': -2, 'enode://9@127.0.0.1:1242': 0, 'enode://10@127.0.0.1:1243': -3, 'enode://11@127.0.0.1:1244': 0, 'enode://12@127.0.0.1:1245': -5, 'enode://13@127.0.0.1:1246': 0, 'enode://14@127.0.0.1:1247': -6, 'enode://15@127.0.0.1:1248': 0}
12 1787097307.85 3261 None {'3': 274, '0': 0, '4': 120, '12': 181, '8': 247, '9': 149, '13': 160, '2': 323, '10': 275, '14': 333, '11': 417, '7': 147, '1': 185, '6': 100, '5': 88, '15': 80} {'enode://1@127.0.0.1:1234': -7, 'enode://2@127.0.0.1:1235': 0, 'enode://3@127.0.0.1:1236': -3, 'enode://4@127.0.0.1:1237': -6, 'enode://5@127.0.0.1:1238': 0, 'enode://6@127.0.0.1:1239': 0, 'enode://7@127.0.0.1:1240': 0, 'enode://8@127.0.0.1:1241': -1, 'enode://9@127.0.0.1:1242': 0, 'enode://10@127.0.0.1:1243': -2, 'enode://11@127.0.0.1:1244': 0, 'enode://12@127.0.0.1:1245': -4, 'enode://13@127.0.0.1:1246': 0, 'enode://14@127.0.0.1:1247': -5, 'enode://15@127.0.0.1:1248': 0}
12 1787097307.85 3270 None {'3': 274, '0': 0, '4': 120, '12': 181, '8': 247, '9': 149, '13': 160, '2': 323, '10': 275, '14': 333, '11': 417, '7': 147, '1': 303, '6': 100, '5': 88, '15': 80} {'enode://1@127.0.0.1:1234': -6, 'enode://2@127.0.0.1:1235': 0, 'enode://3@127.0.0.1:1236': -2, 'enode://4@127.0.0.1:1237': -5, 'enode://5@127.0.0.1:1238': 0, 'enode://6@127.0.0.1:1239': 0, 'enode://7@127.0.0.1:1240': -7, 'enode://8@127.0.0.1:1241': 0, 'enode://9@127.0.0.1:1242': 0, 'enode://10@127.0.0.1:1243': -1, 'enode://11@127.0.0.1:1244': 0, 'enode://12@127.0.0.1:1245': -3, 'enode://13@127.0.0.1:1246': 0, 'enode://14@127.0.0.1:1247': -4, 'enode://15@127.0.0.1:1248': 0}
12 1787097307.85 3301 None {'3': 274, '0': 0, '4': 120, '12': 181, '8': 247, '9': 149, '13': 160, '2': 323, '10': 275, '14': 333, '11': 417, '7': 155, '1': 303, '6': 100, '5': 88, '15': 80} {'enode://1@127.0.0.1:1234': -5, 'enode://2@127.0.0.1:1235': -7, 'enode://3@127.0.0.1:1236': -1, 'enode://4@127.0.0.1:1237': -4, 'enode://5@127.0.0.1:1238': 0, 'enode://6@127.0.0.1:1239': 0, 'enode://7@127.0.0.1:1240': -6, 'enode://8@127.0.0.1:1241': 0, 'enode://9@127.0.0.1:1242': 0, 'enode://10@127.0.0.1:1243': 0, 'enode://11@127.0.0.1:1244': 0, 'enode://12@127.0.0.1:1245': -2, 'enode://13@127.0.0.1:1246': 0, 'enode://14@127.0.0.1:1247': -3, 'enode://15@127.0.0.1:1248': 0}
12 1787097307.85 3341 None {'3': 274, '0': 0, '4': 120, '12': 181, '8': 247, '9': 149, '13': 160, '2': 353, '10': 275, '14': 333, '11': 417, '7': 155, '1': 303, '6': 100, '5': 88, '15': 80} {'enode://1@127.0.0.1:1234': -4, 'enode://2@127.0.0.1:1235': -6, 'enode://3@127.0.0.1:1236': 0, 'enode://4@127.0.0.1:1237': -3, 'enode://5@127.0.0.1:1238': 0, 'enode://6@127.0.0.1:1239': 0, 'enode://7@127.0.0.1:1240': -5, 'enode://8@127.0.0.1:1241': 0, 'enode://9@127.0.0.1:1242': 0, 'enode://10@127.0.0.1:1243': -7, 'enode://11@127.0.0.1:1244': 0, 'enode://12@127.0.0.1:1245': -1, 'enode://13@127.0.0.1:1246': 0, 'enode://14@127.0.0.1:1247': -2, 'enode://15@127.0.0.1:1248': 0}
12 1787097307.85 3386 None {'3': 274, '0': 0, '4': 120, '12': 181, '8': 247, '9': 149, '13': 160, '2': 353, '10': 314, '14': 333, '11': 417, '7': 155, '1': 303, '6': 100, '5': 88, '15': 80} {'enode://1@127.0.0.1:1234': -3, 'enode://2@127.0.0.1:1235': -5, 'enode://3@127.0.0.1:1236': 0, 'enode://4@127.0.0.1:1237': -2, 'enode://5@127.0.0.1:1238': -7, 'enode://6@127.0.0.1:1239': 0, 'enode://7@127.0.0.1:1240': -4, 'enode://8@127.0.0.1:1241': 0, 'enode://9@127.0.0.1:1242': 0, 'enode://10@127.0.0.1:1243': -6, 'enode://11@127.0.0.1:1244': 0, 'enode://12@127.0.0.1:1245': 0, 'enode://13@127.0.0.1:1246': 0, 'enode://14@127.0.0.1:1247': -1, 'enode://15@127.0.0.1:1248': 0}
12 1787097307.85 3425 None {'3': 274, '0': 0, '4': 120, '12': 181, '8': 247, '9': 149, '13': 160, '2': 353, '10': 314, '14': 333, '11': 417, '7': 155, '1': 303, '6': 100, '5': 132, '15': 80} {'enode://1@127.0.0.1:1234': -2, 'enode://2@127.0.0.1:1235': -4, 'enode://3@127.0.0.1:1236': 0, 'enode://4@127.0.0.1:1237': -1, 'enode://5@127.0.0.1:1238': -6, 'enode://6@127.0.0.1:1239': 0, 'enode://7@127.0.0.1:1240': -3, 'enode://8@127.0.0.1:1241': 0, 'enode://9@127.0.0.1:1242': 0, 'enode://10@127.0.0.1:1243': -5, 'enode://11@127.0.0.1:1244': 0, 'enode://12@127.0.0.1:1245': 0, 'enode://13@127.0.0.1:1246': 0, 'enode://14@127.0.0.1:1247': 0, 'enode://15@127.0.0.1:1248': -7}
12 1787097307.85 3452 None {'3': 274, '0': 0, '4': 120, '12': 181, '8': 247, '9': 149, '13': 160, '2': 353, '10': 314, '14': 333, '11': 417, '7': 155, '1': 303, '6': 100, '5': 132, '15': 118} {'enode://1@127.0.0.1:1234': -1, 'enode://2@127.0.0.1:1235': -3, 'enode://3@127.0.0.1:1236': 0, 'enode://4@127.0.0.1:1237': 0, 'enode://5@127.0.0.1:1238': -5, 'enode://6@127.0.0.1:1239': 0, 'enode://7@127.0.0.1:1240': -2, 'enode://8@127.0.0.1:1241': -7, 'enode://9@127.0.0.1:1242': 0, 'enode://10@127.0.0.1:1243': -4, 'enode://11@127.0.0.1:1244': 0, 'enode://12@127.0.0.1:1245': 0, 'enode://13@127.0.0.1:1246': 0, 'enode://14@127.0.0.1:1247': 0, 'enode://15@127.0.0.1:1248': -6}
12 1787097307.85 3482 None {'3': 274, '0': 0, '4': 120, '12': 181, '8': 273, '9': 149, '13': 160, '2': 353, '10': 314, '14': 333, '11': 417, '7': 155, '1': 303, '6': 100, '5': 132, '15': 118} {'enode://1@127.0.0.1:1234': 0, 'enode://2@127.0.0.1:1235': -2, 'enode://3@127.0.0.1:1236': 0, 'enode://4@127.0.0.1:1237': 0, 'enode://5@127.0.0.1:1238': -4, 'enode://6@127.0.0.1:1239': -7, 'enode://7@127.0.0.1:1240': -1, 'enode://8@127.0.0.1:1241': -6, 'enode://9@127.0.0.1:1242': 0, 'enode://10@127.0.0.1:1243': -3, 'enode://11@127.0.0.1:1244': 0, 'enode://12@127.0.0.1:1245': 0, 'enode://13@127.0.0.1:1246': 0, 'enode://14@127.0.0.1:1247': 0, 'enode://15@127.0.0.1:1248': -5}
12 1787097307.85 3550 None {'3': 274, '0': 0, '4': 120, '12': 181, '8': 273, '9': 149, '13': 160, '2': 353, '10': 314, '14': 333, '11': 417, '7': 155, '1': 303, '6': 129, '5': 132, '15': 118} {'enode://1@127.0.0.1:1234': 0, 'enode://2@127.0.0.1:1235': -1, 'enode://3@127.0.0.1:1236': 0, 'enode://4@127.0.0.1:1237': 0, 'enode://5@127.0.0.1:1238': -3, 'enode://6@127.0.0.1:1239': -6, 'enode://7@127.0.0.1:1240': 0, 'enode://8@127.0.0.1:1241': -5, 'enode://9@127.0.0.1:1242': 0, 'enode://10@127.0.0.1:1243': -2, 'enode://11@127.0.0.1:1244': 0, 'enode://12@127.0.0.1:1245': 0, 'enode://13@127.0.0.1:1246': 0, 'enode://14@127.0.0.1:1247': -7, 'enode://15@127.0.0.1:1248': -4}
12 1787097307.85 3603 None {'3': 274, '0': 0, '4': 120, '12': 181, '8': 273, '9': 149, '13': 160, '2': 353, '10': 314, '14': 400, '11': 417, '7': 155, '1': 303, '6': 129, '5': 132, '15': 118} {'enode://1@127.0.0.1:1234': 0, 'enode://2@127.0.0.1:1235': 0, 'enode://3@127.0.0.1:1236': 0, 'enode://4@127.0.0.1:1237': 0, 'enode://5@127.0.0.1:1238': -2, 'enode://6@127.0.0.1:1239': -5, 'enode://7@127.0.0.1:1240': 0, 'enode://8@127.0.0.1:1241': -4, 'enode://9@127.0.0.1:1242': -7, 'enode://10@127.0.0.1:1243': -1, 'enode://11@127.0.0.1:1244': 0, 'enode://12@127.0.0.1:1245': 0, 'enode://13@127.0.0.1:1246': 0, 'enode://14@127.0.0.1:1247': -6, 'enode://15@127.0.0.1:1248': -3}
12 1787097307.851 3608 None {'3': 274, '0': 0, '4': 120, '12': 181, '8': 273, '9': 201, '13': 160, '2': 353, '10': 314, '14': 400, '11': 417, '7': 155, '1': 303, '6': 129, '5': 132, '15': 118} {'enode://1@127.0.0.1:1234': 0, 'enode://2@127.0.0.1:1235': 0, 'enode://3@127.0.0.1:1236': 0, 'enode://4@127.0.0.1:1237': 0, 'enode://5@127.0.0.1:1238': -1, 'enode://6@127.0.0.1:1239': -4, 'enode://7@127.0.0.1:1240': 0, 'enode://8@127.0.0.1:1241': -3, 'enode://9@127.0.0.1:1242': -6, 'enode://10@127.0.0.1:1243': 0, 'enode://11@127.0.0.1:1244': -7, 'enode://12@127.0.0.1:1245': 0, 'enode://13@127.0.0.1:1246': 0, 'enode://14@127.0.0.1:1247': -5, 'enode://15@127.0.0.1:1248': -2}
12 1787097307.851 3689 None {'3': 274, '0': 0, '4': 120, '12': 181, '8': 273, '9': 201, '13': 160, '2': 353, '10': 314, '14': 400, '11': 421, '7': 155, '1': 303, '6': 129, '5': 132, '15': 118} {'enode://1@127.0.0.1:1234': 0, 'enode://2@127.0.0.1:1235': -7, 'enode://3@127.0.0.1:1236': 0, 'enode://4@127.0.0.1:1237': 0, 'enode://5@127.0.0.1:1238': 0, 'enode://6@127.0.0.1:1239': -3, 'enode://7@127.0.0.1:1240': 0, 'enode://8@127.0.0.1:1241': -2, 'enode://9@127.0.0.1:1242': -5, 'enode://10@127.0.0.1:1243': 0, 'enode://11@127.0.0.1:1244': -6, 'enode://12@127.0.0.1:1245': 0, 'enode://13@127.0.0.1:1246': 0, 'enode://14@127.0.0.1:1247': -4, 'enode://15@127.0.0.1:1248': -1}
12 1787097307.851 3758 None {'3': 274, '0': 0, '4': 120, '12': 181, '8': 273, '9': 201, '13': 160, '2': 433, '10': 314, '14': 400, '11': 421, '7': 155, '1': 303, '6': 129, '5': 132, '15': 118} {'enode://1@127.0.0.1:1234': 0, 'enode://2@127.0.0.1:1235': -6, 'enode://3@127.0.0.1:1236': 0, 'enode://4@127.0.0.1:1237': 0, 'enode://5@127.0.0.1:1238': -7, 'enode://6@127.0.0.1:1239': -2, 'enode://7@127.0.0.1:1240': 0, 'enode://8@127.0.0.1:1241': -1, 'enode://9@127.0.0.1:1242': -4, 'enode://10@127.0.0.1:1243': 0, 'enode://11@127.0.0.1:1244': -5, 'enode://12@127.0.0.1:1245': 0, 'enode://13@127.0.0.1:1246': 0, 'enode://14@127.0.0.1:1247': -3, 'enode://15@127.0.0.1:1248': 0}
12 1787097307.851 3769 None {'3': 274, '0': 0, '4': 120, '12': 181, '8': 273, '9': 201, '13': 160, '2': 433, '10': 314, '14': 400, '11': 421, '7': 155, '1': 303, '6': 129, '5': 200, '15': 118} {'enode://1@127.0.0.1:1234': 0, 'enode://2@127.0.0.1:1235': -5, 'enode://3@127.0.0.1:1236': 0, 'enode://4@127.0.0.1:1237': 0, 'enode://5@127.0.0.1:1238': -6, 'enode://6@127.0.0.1:1239': -1, 'enode://7@127.0.0.1:1240': 0, 'enode://8@127.0.0.1:1241': 0, 'enode://9@127.0.0.1:1242': -3, 'enode://10@127.0.0.1:1243': 0, 'enode://11@127.0.0.1:1244': -4, 'enode://12@127.0.0.1:1245': 0, 'enode://13@127.0.0.1:1246': 0, 'enode://14@127.0.0.1:1247': -2, 'enode://15@127.0.0.1:1248': -7}
12 1787097307.851 3934 None {'3': 274, '0': 0, '4': 120, '12': 181, '8': 273, '9': 201, '13': 160, '2': 433, '10': 314, '14': 400, '11': 421, '7': 155, '1': 303, '6': 129, '5': 200, '15': 128} {'enode://1@127.0.0.1:1234': 0, 'enode://2@127.0.0.1:1235': -4, 'enode://3@127.0.0.1:1236': -7, 'enode://4@127.0.0.1:1237': 0, 'enode://5@127.0.0.1:1238': -5, 'enode://6@127.0.0.1:1239': 0, 'enode://7@127.0.0.1:1240': 0, 'enode://8@127.0.0.1:1241': 0, 'enode://9@127.0.0.1:1242': -2, 'enode://10@127.0.0.1:1243': 0, 'enode://11@127.0.0.1:1244': -3, 'enode://12@127.0.0.1:1245': 0, 'enode://13@127.0.0.1:1246': 0, 'enode://14@127.0.0.1:1247': -1, 'enode://15@127.0.0.1:1248': -6}
12 1787097307.851 3981 None {'3': 438, '0': 0, '4': 120, '12': 181, '8': 273, '9': 201, '13': 160, '2': 433, '10': 314, '14': 400, '11': 421, '7': 155, '1': 303, '6': 129, '5': 200, '15': 128} {'enode://1@127.0.0.1:1234': 0, 'enode://2@127.0.0.1:1235': -3, 'enode://3@127.0.0.1:1236': -6, 'enode://4@127.0.0.1:1237': -7, 'enode://5@127.0.0.1:1238': -4, 'enode://6@127.0.0.1:1239': 0, 'enode://7@127.0.0.1:1240': 0, 'enode://8@127.0.0.1:1241': 0, 'enode://9@127.0.0.1:1242': -1, 'enode://10@127.0.0.1:1243': 0, 'enode://11@127.0.0.1:1244': -2, 'enode://12@127.0.0.1:1245': 0, 'enode://13@127.0.0.1:1246': 0, 'enode://14@127.0.0.1:1247': 0, 'enode://15@127.0.0.1:1248': -5}
12 1787097307.851 4013 None {'3': 438, '0': 0, '4': 166, '12': 181, '8': 273, '9': 201, '13': 160, '2': 433, '10': 314, '14': 400, '11': 421, '7': 155, '1': 303, '6': 129, '5': 200, '15': 128} {'enode://1@127.0.0.1:1234': 0, 'enode://2@127.0.0.1:1235': -2, 'enode://3@127.0.0.1:1236': -5, 'enode://4@127.0.0.1:1237': -6, 'enode://5@127.0.0.1:1238': -3, 'enode://6@127.0.0.1:1239': -7, 'enode://7@127.0.0.1:1240': 0, 'enode://8@127.0.0.1:1241': 0, 'enode://9@127.0.0.1:1242': 0, 'enode://10@127.0.0.1:1243': 0, 'enode://11@127.0.0.1:1244': -1, 'enode://12@127.0.0.1:1245': 0, 'enode://13@127.0.0.1:1246': 0, 'enode://14@127.0.0.1:1247': 0, 'enode://15@127.0.0.1:1248': -4}
12 1787097307.851 4050 None {'3': 438, '0': 0, '4': 166, '12': 181, '8': 273, '9': 201, '13': 160, '2': 433, '10': 314, '14': 400, '11': 421, '7': 155, '1': 303, '6': 160, '5': 200, '15': 128} {'enode://1@127.0.0.1:1234': 0, 'enode://2@127.0.0.1:1235': -1, 'enode://3@127.0.0.1:1236': -4, 'enode://4@127.0.0.1:1237': -5, 'enode://5@127.0.0.1:1238': -2, 'enode://6@127.0.0.1:1239': -6, 'enode://7@127.0.0.1:1240': 0, 'enode://8@127.0.0.1:1241': -7, 'enode://9@127.0.0.1:1242': 0, 'enode://10@127.0.0.1:1243': 0, 'enode://11@127.0.0.1:1244': 0, 'enode://12@127.0.0.1:1245': 0, 'enode://13@127.0.0.1:1246': 0, 'enode://14@127.0.0.1:1247': 0, 'enode://15@127.0.0.1:1248': -3}
12 1787097307.851 4118 None {'3': 438, '0': 0, '4': 166, '12': 181, '8': 309, '9': 201, '13': 160, '2': 433, '10': 314, '14': 400, '11': 421, '7': 155, '1': 303, '6': 160, '5': 200, '15': 128} {'enode://1@127.0.0.1:1234': 0, 'enode://2@127.0.0.1:1235': 0, 'enode://3@127.0.0.1:1236': -3, 'enode://4@127.0.0.1:1237': -4, 'enode://5@127.0.0.1:1238': -1, 'enode://6@127.0.0.1:1239': -5, 'enode://7@127.0.0.1:1240': 0, 'enode://8@127.0.0.1:1241': -6, 'enode://9@127.0.0.1:1242': 0, 'enode://10@127.0.0.1:1243': 0, 'enode://11@127.0.0.1:1244': -7, 'enode://12@127.0.0.1:1245': 0, 'enode://13@127.0.0.1:1246': 0, 'enode://14@127.0.0.1:1247': 0, 'enode://15@127.0.0.1:1248': -2}
12 1787097307.851 4161 None {'3': 438, '0': 0, '4': 166, '12': 181, '8': 309, '9': 201, '13': 160, '2': 433, '10': 314, '14': 400, '11': 488, '7': 155, '1': 303, '6': 160, '5': 200, '15': 128} {'enode://1@127.0.0.1:1234': 0, 'enode://2@127.0.0.1:1235': 0, 'enode://3@127.0.0.1:1236': -2, 'enode://4@127.0.0.1:1237': -3, 'enode://5@127.0.0.1:1238': 0, 'enode://6@127.0.0.1:1239': -4, 'enode://7@127.0.0.1:1240': 0, 'enode://8@127.0.0.1:1241': -5, 'enode://9@127.0.0.1:1242': 0, 'enode://10@127.0.0.1:1243': 0, 'enode://11@127.0.0.1:1244': -6, 'enode://12@127.0.0.1:1245': 0, 'enode://13@127.0.0.1:1246': 0, 'enode://14@127.0.0.1:1247': -7, 'enode://15@127.0.0.1:1248': -1}
12 1787097307.851 4170 None {'3': 438, '0': 0, '4': 166, '12': 181, '8': 309, '9': 201, '13': 160, '2': 433, '10': 314, '14': 442, '11': 488, '7': 155, '1': 303, '6': 160, '5': 200, '15': 128} {'enode://1@127.0.0.1:1234': 0, 'enode://2@127.0.0.1:1235': 0, 'enode://3@127.0.0.1:1236': -1, 'enode://4@127.0.0.1:1237': -2, 'enode://5@127.0.0.1:1238': 0, 'enode://6@127.0.0.1:1239': -3, 'enode://7@127.0.0.1:1240': 0, 'enode://8@127.0.0.1:1241': -4, 'enode://9@127.0.0.1:1242': 0, 'enode://10@127.0.0.1:1243': -7, 'enode://11@127.0.0.1:1244': -5, 'enode://12@127.0.0.1:1245': 0, 'enode://13@127.0.0.1:1246': 0, 'enode://14@127.0.0.1:1247': -6, 'enode://15@127.0.0.1:1248': 0}
12 1787097307.851 4206 None {'3': 438, '0': 0, '4': 166, '12': 181, '8': 309, '9': 201, '13': 160, '2': 433, '10': 322, '14': 442, '11': 488, '7': 155, '1': 303, '6': 160, '5': 200, '15': 128} {'enode://1@127.0.0.1:1234': 0, 'enode://2@127.0.0.1:1235': 0, 'enode://3@127.0.0.1:1236': 0, 'enode://4@127.0.0.1:1237': -1, 'enode://5@127.0.0.1:1238': 0, 'enode://6@127.0.0.1:1239': -2, 'enode://7@127.0.0.1:1240': 0, 'enode://8@127.0.0.1:1241': -3, 'enode://9@127.0.0.1:1242': -7, 'enode://10@127.0.0.1:1243': -6, 'enode://11@127.0.0.1:1244': -4, 'enode://12@127.0.0.1:1245': 0, 'enode://13@127.0.0.1:1246': 0, 'enode://14@127.0.0.1:1247': -5, 'enode://15@127.0.0.1:1248': 0}
12 1787097307.851 4251 None {'3': 438, '0': 0, '4': 166, '12': 181, '8': 309, '9': 236, '13': 160, '2': 433, '10': 322, '14': 442, '11': 488, '7': 155, '1': 303, '6': 160, '5': 200, '15': 128} {'enode://1@127.0.0.1:1234': 0, 'enode://2@127.0.0.1:1235': -7, 'enode://3@127.0.0.1:1236': 0, 'enode://4@127.0.0.1:1237': 0, 'enode://5@127.0.0.1:1238': 0, 'enode://6@127.0.0.1:1239': -1, 'enode://7@127.0.0.1:1240': 0, 'enode://8@127.0.0.1:1241': -2, 'enode://9@127.0.0.1:1242': -6, 'enode://10@127.0.0.1:1243': -5, 'enode://11@127.0.0.1:1244': -3, 'enode://12@127.0.0.1:1245': 0, 'enode://13@127.0.0.1:1246': 0, 'enode://14@127.0.0.1:1247': -4, 'enode://15@127.0.0.1:1248': 0}
12 1787097307.851 4270 None {'3': 438, '0': 0, '4': 166, '12': 181, '8': 309, '9': 236, '13': 160, '2': 477, '10': 322, '14': 442, '11': 488, '7': 155, '1': 303, '6': 160, '5': 200, '15': 128} {'enode://1@127.0.0.1:1234': 0, 'enode://2@127.0.0.1:1235': -6, 'enode://3@127.0.0.1:1236': -7, 'enode://4@127.0.0.1:1237': 0, 'enode://5@127.0.0.1:1238': 0, 'enode://6@127.0.0.1:1239': 0, 'enode://7@127.0.0.1:1240': 0, 'enode://8@127.0.0.1:1241': -1, 'enode://9@127.0.0.1:1242': -5, 'enode://10@127.0.0.1:1243': -4, 'enode://11@127.0.0.1:1244': -2, 'enode://12@127.0.0.1:1245': 0, 'enode://13@127.0.0.1:1246': 0, 'enode://14@127.0.0.1:1247': -3, 'enode://15@127.0.0.1:1248': 0}
12 1787097307.851 4299 None {'3': 456, '0': 0, '4': 166, '12': 181, '8': 309, '9': 236, '13': 160, '2': 477, '10': 322, '14': 442, '11': 488, '7': 155, '1': 303, '6': 160, '5': 200, '15': 128} {'enode://1@127.0.0.1:1234': 0, 'enode://2@127.0.0.1:1235': -5, 'enode://3@127.0.0.1:1236': -6, 'enode://4@127.0.0.1:1237': 0, 'enode://5@127.0.0.1:1238': 0, 'enode://6@127.0.0.1:1239': 0, 'enode://7@127.0.0.1:1240': 0, 'enode://8@127.0.0.1:1241': 0, 'enode://9@127.0.0.1:1242': -4, 'enode://10@127.0.0.1:1243': -3, 'enode://11@127.0.0.1:1244': -1, 'enode://12@127.0.0.1:1245': -7, 'enode://13@127.0.0.1:1246': 0, 'enode://14@127.0.0.1:1247': -2, 'enode://15@127.0.0.1:1248': 0}
12 1787097307.851 4306 None {'3': 456, '0': 0, '4': 166, '12': 209, '8': 309, '9': 236, '13': 160, '2': 477, '10': 322, '14': 442, '11': 488, '7': 155, '1': 303, '6': 160, '5': 200, '15': 128} {'enode://1@127.0.0.1:1234': 0, 'enode://2@127.0.0.1:1235': -4, 'enode://3@127.0.0.1:1236': -5, 'enode://4@127.0.0.1:1237': 0, 'enode://5@127.0.0.1:1238': 0, 'enode://6@127.0.0.1:1239': 0, 'enode://7@127.0.0.1:1240': 0, 'enode://8@127.0.0.1:1241': 0, 'enode://9@127.0.0.1:1242': -3, 'enode://10@127.0.0.1:1243': -2, 'enode://11@127.0.0.1:1244': 0, 'enode://12@127.0.0.1:1245': -6, 'enode://13@127.0.0.1:1246': 0, 'enode://14@127.0.0.1:1247': -1, 'enode://15@127.0.0.1:1248': -7}
