ID TIME n private balances connectivity
3 1786758354.441 0 {} {} {'enode://1@127.0.0.1:1234': 0, 'enode://2@127.0.0.1:1235': 0, 'enode://3@127.0.0.1:1236': 0, 'enode://4@127.0.0.1:1237': 0, 'enode://5@127.0.0.1:1238': 0, 'enode://6@127.0.0.1:1239': 0, 'enode://7@127.0.0.1:1240': 0, 'enode://8@127.0.0.1:1241': 0, 'enode://9@127.0.0.1:1242': 0, 'enode://10@127.0.0.1:1243': 0, 'enode://11@127.0.0.1:1244': 0, 'enode://12@127.0.0.1:1245': 0, 'enode://13@127.0.0.1:1246': 0, 'enode://14@127.0.0.1:1247': 0, 'enode://15@127.0.0.1:1248': 0, 'enode://16@127.0.0.1:1249': 0, 'enode://17@127.0.0.1:1250': 0, 'enode://18@127.0.0.1:1251': 0, 'enode://19@127.0.0.1:1252': 0, 'enode://20@127.0.0.1:1253': 0, 'enode://21@127.0.0.1:1254': 0, 'enode://22@127.0.0.1:1255': 0, 'enode://23@127.0.0.1:1256': 0, 'enode://24@127.0.0.1:1257': 0, 'enode://25@127.0.0.1:1258': 0}
3 1786758354.441 1 None {'21': 0, '0': 0} {'enode://1@127.0.0.1:1234': 0, 'enode://2@127.0.0.1:1235': 0, 'enode://3@127.0.0.1:1236': 0, 'enode://4@127.0.0.1:1237': 0, 'enode://5@127.0.0.1:1238': 0, 'enode://6@127.0.0.1:1239': 0, 'enode://7@127.0.0.1:1240': 0, 'enode://8@127.0.0.1:1241': 0, 'enode://9@127.0.0.1:1242': 0, 'enode://10@127.0.0.1:1243': 0, 'enode://11@127.0.0.1:1244': 0, 'enode://12@127.0.0.1:1245': 0, 'enode://13@127.0.0.1:1246': 0, 'enode://14@127.0.0.1:1247': 0, 'enode://15@127.0.0.1:1248': 0, 'enode://16@127.0.0.1:1249': 0, 'enode://17@127.0.0.1:1250': 0, 'enode://18@127.0.0.1:1251': 0, 'enode://19@127.0.0.1:1252': 0, 'enode://20@127.0.0.1:1253': 0, 'enode://21@127.0.0.1:1254': -12, 'enode://22@127.0.0.1:1255': 0, 'enode://23@127.0.0.1:1256': 0, 'enode://24@127.0.0.1:1257': 0, 'enode://25@127.0.0.1:1258': 0}
3 1786758354.441 303 None {'21': 1, '0': 0, '20': 0, '14': 0, '2': 0, '16': 0, '24': 0, '11': 0, '5': 0, '8': 0, '22': 0, '25': 0, '9': 0, '19': 0, '4': 0, '17': 0, '12': 0, '23': 0, '6': 0, '13': 0, '10': 0, '7': 0, '3': 0, '1': 0} {'enode://1@127.0.0.1:1234': 0, 'enode://2@127.0.0.1:1235': 0, 'enode://3@127.0.0.1:1236': 0, 'enode://4@127.0.0.1:1237': 0, 'enode://5@127.0.0.1:1238': 0, 'enode://6@127.0.0.1:1239': 0, 'enode://7@127.0.0.1:1240': 0, 'enode://8@127.0.0.1:1241': 0, 'enode://9@127.0.0.1:1242': 0, 'enode://10@127.0.0.1:1243': 0, 'enode://11@127.0.0.1:1244': 0, 'enode://12@127.0.0.1:1245': 0, 'enode://13@127.0.0.1:1246': 0, 'enode://14@127.0.0.1:1247': 0, 'enode://15@127.0.0.1:1248': 0, 'enode://16@127.0.0.1:1249': 0, 'enode://17@127.0.0.1:1250': 0, 'enode://18@127.0.0.1:1251': 0, 'enode://19@127.0.0.1:1252': 0, 'enode://20@127.0.0.1:1253': -12, 'enode://21@127.0.0.1:1254': -11, 'enode://22@127.0.0.1:1255': 0, 'enode://23@127.0.0.1:1256': 0, 'enode://24@127.0.0.1:1257': 0, 'enode://25@127.0.0.1:1258': 0}
3 1786758354.441 622 None {'21': 1, '0': 0, '20': 301, '14': 0, '2': 0, '16': 0, '24': 0, '11': 0, '5': 0, '8': 0, '22': 0, '25': 0, '9': 0, '19': 0, '4': 0, '17': 0, '12': 0, '23': 0, '6': 0, '13': 0, '10': 0, '7': 0, '3': 0, '1': 0, '18': 0, '15': 0} {'enode://1@127.0.0.1:1234': -12, 'enode://2@127.0.0.1:1235': 0, 'enode://3@127.0.0.1:1236': 0, 'enode://4@127.0.0.1:1237': 0, 'enode://5@127.0.0.1:1238': 0, 'enode://6@127.0.0.1:1239': 0, 'enode://7@127.0.0.1:1240': 0, 'enode://8@127.0.0.1:1241': 0, 'enode://9@127.0.0.1:1242': 0, 'enode://10@127.0.0.1:1243': 0, 'enode://11@127.0.0.1:1244': 0, 'enode://12@127.0.0.1:1245': 0, 'enode://13@127.0.0.1:1246': 0, 'enode://14@127.0.0.1:1247': 0, 'enode://15@127.0.0.1:1248': 0, 'enode://16@127.0.0.1:1249': 0, 'enode://17@127.0.0.1:1250': 0, 'enode://18@127.0.0.1:1251': 0, 'enode://19@127.0.0.1:1252': 0, 'enode://20@127.0.0.1:1253': -11, 'enode://21@127.0.0.1:1254': -10, 'enode://22@127.0.0.1:1255': 0, 'enode://23@127.0.0.1:1256': 0, 'enode://24@127.0.0.1:1257': 0, 'enode://25@127.0.0.1:1258': 0}
3 1786758354.441 1049 None {'21': 1, '0': 0, '20': 301, '14': 0, '2': 0, '16': 0, '24': 0, '11': 0, '5': 0, '8': 0, '22': 0, '25': 0, '9': 0, '19': 0, '4': 0, '17': 0, '12': 0, '23': 0, '6': 0, '13': 0, '10': 0, '7': 0, '3': 0, '1': 318, '18': 0, '15': 0} {'enode://1@127.0.0.1:1234': -11, 'enode://2@127.0.0.1:1235': 0, 'enode://3@127.0.0.1:1236': 0, 'enode://4@127.0.0.1:1237': 0, 'enode://5@127.0.0.1:1238': 0, 'enode://6@127.0.0.1:1239': 0, 'enode://7@127.0.0.1:1240': 0, 'enode://8@127.0.0.1:1241': -12, 'enode://9@127.0.0.1:1242': 0, 'enode://10@127.0.0.1:1243': 0, 'enode://11@127.0.0.1:1244': 0, 'enode://12@127.0.0.1:1245': 0, 'enode://13@127.0.0.1:1246': 0, 'enode://14@127.0.0.1:1247': 0, 'enode://15@127.0.0.1:1248': 0, 'enode://16@127.0.0.1:1249': 0, 'enode://17@127.0.0.1:1250': 0, 'enode://18@127.0.0.1:1251': 0, 'enode://19@127.0.0.1:1252': 0, 'enode://20@127.0.0.1:1253': -10, 'enode://21@127.0.0.1:1254': -9, 'enode://22@127.0.0.1:1255': 0, 'enode://23@127.0.0.1:1256': 0, 'enode://24@127.0.0.1:1257': 0, 'enode://25@127.0.0.1:1258': 0}
3 1786758354.441 1134 None {'21': 1, '0': 0, '20': 301, '14': 0, '2': 0, '16': 0, '24': 0, '11': 0, '5': 0, '8': 426, '22': 0, '25': 0, '9': 0, '19': 0, '4': 0, '17': 0, '12': 0, '23': 0, '6': 0, '13': 0, '10': 0, '7': 0, '3': 0, '1': 318, '18': 0, '15': 0} {'enode://1@127.0.0.1:1234': -10, 'enode://2@127.0.0.1:1235': 0, 'enode://3@127.0.0.1:1236': -12, 'enode://4@127.0.0.1:1237': 0, 'enode://5@127.0.0.1:1238': 0, 'enode://6@127.0.0.1:1239': 0, 'enode://7@127.0.0.1:1240': 0, 'enode://8@127.0.0.1:1241': -11, 'enode://9@127.0.0.1:1242': 0, 'enode://10@127.0.0.1:1243': 0, 'enode://11@127.0.0.1:1244': 0, 'enode://12@127.0.0.1:1245': 0, 'enode://13@127.0.0.1:1246': 0, 'enode://14@127.0.0.1:1247': 0, 'enode://15@127.0.0.1:1248': 0, 'enode://16@127.0.0.1:1249': 0, 'enode://17@127.0.0.1:1250': 0, 'enode://18@127.0.0.1:1251': 0, 'enode://19@127.0.0.1:1252': 0, 'enode://20@127.0.0.1:1253': -9, 'enode://21@127.0.0.1:1254': -8, 'enode://22@127.0.0.1:1255': 0, 'enode://23@127.0.0.1:1256': 0, 'enode://24@127.0.0.1:1257': 0, 'enode://25@127.0.0.1:1258': 0}
3 1786758354.441 1213 None {'21': 1, '0': 0, '20': 301, '14': 0, '2': 0, '16': 0, '24': 0, '11': 0, '5': 0, '8': 426, '22': 0, '25': 0, '9': 0, '19': 0, '4': 0, '17': 0, '12': 0, '23': 0, '6': 0, '13': 0, '10': 0, '7': 0, '3': 84, '1': 318, '18': 0, '15': 0} {'enode://1@127.0.0.1:1234': -9, 'enode://2@127.0.0.1:1235': 0, 'enode://3@127.0.0.1:1236': -11, 'enode://4@127.0.0.1:1237': 0, 'enode://5@127.0.0.1:1238': 0, 'enode://6@127.0.0.1:1239': 0, 'enode://7@127.0.0.1:1240': 0, 'enode://8@127.0.0.1:1241': -10, 'enode://9@127.0.0.1:1242': 0, 'enode://10@127.0.0.1:1243': 0, 'enode://11@127.0.0.1:1244': 0, 'enode://12@127.0.0.1:1245': 0, 'enode://13@127.0.0.1:1246': 0, 'enode://14@127.0.0.1:1247': 0, 'enode://15@127.0.0.1:1248': 0, 'enode://16@127.0.0.1:1249': 0, 'enode://17@127.0.0.1:1250': 0, 'enode://18@127.0.0.1:1251': -12, 'enode://19@127.0.0.1:1252': 0, 'enode://20@127.0.0.1:1253': -8, 'enode://21@127.0.0.1:1254': -7, 'enode://22@127.0.0.1:1255': 0, 'enode://23@127.0.0.1:1256': 0, 'enode://24@127.0.0.1:1257': 0, 'enode://25@127.0.0.1:1258': 0}
3 1786758354.441 1454 None {'21': 1, '0': 0, '20': 301, '14': 0, '2': 0, '16': 0, '24': 0, '11': 0, '5': 0, '8': 426, '22': 0, '25': 0, '9': 0, '19': 0, '4': 0, '17': 0, '12': 0, '23': 0, '6': 0, '13': 0, '10': 0, '7': 0, '3': 84, '1': 318, '18': 78, '15': 0} {'enode://1@127.0.0.1:1234': -8, 'enode://2@127.0.0.1:1235': 0, 'enode://3@127.0.0.1:1236': -10, 'enode://4@127.0.0.1:1237': 0, 'enode://5@127.0.0.1:1238': 0, 'enode://6@127.0.0.1:1239': 0, 'enode://7@127.0.0.1:1240': 0, 'enode://8@127.0.0.1:1241': -9, 'enode://9@127.0.0.1:1242': 0, 'enode://10@127.0.0.1:1243': 0, 'enode://11@127.0.0.1:1244': 0, 'enode://12@127.0.0.1:1245': 0, 'enode://13@127.0.0.1:1246': 0, 'enode://14@127.0.0.1:1247': 0, 'enode://15@127.0.0.1:1248': 0, 'enode://16@127.0.0.1:1249': 0, 'enode://17@127.0.0.1:1250': 0, 'enode://18@127.0.0.1:1251': -11, 'enode://19@127.0.0.1:1252': -12, 'enode://20@127.0.0.1:1253': -7, 'enode://21@127.0.0.1:1254': -6, 'enode://22@127.0.0.1:1255': 0, 'enode://23@127.0.0.1:1256': 0, 'enode://24@127.0.0.1:1257': 0, 'enode://25@127.0.0.1:1258': 0}
3 1786758354.441 1697 None {'21': 1, '0': 0, '20': 301, '14': 0, '2': 0, '16': 0, '24': 0, '11': 0, '5': 0, '8': 426, '22': 0, '25': 0, '9': 0, '19': 240, '4': 0, '17': 0, '12': 0, '23': 0, '6': 0, '13': 0, '10': 0, '7': 0, '3': 84, '1': 318, '18': 78, '15': 0} {'enode://1@127.0.0.1:1234': -7, 'enode://2@127.0.0.1:1235': 0, 'enode://3@127.0.0.1:1236': -9, 'enode://4@127.0.0.1:1237': 0, 'enode://5@127.0.0.1:1238': 0, 'enode://6@127.0.0.1:1239': 0, 'enode://7@127.0.0.1:1240': 0, 'enode://8@127.0.0.1:1241': -8, 'enode://9@127.0.0.1:1242': 0, 'enode://10@127.0.0.1:1243': 0, 'enode://11@127.0.0.1:1244': 0, 'enode://12@127.0.0.1:1245': -12, 'enode://13@127.0.0.1:1246': 0, 'enode://14@127.0.0.1:1247': 0, 'enode://15@127.0.0.1:1248': 0, 'enode://16@127.0.0.1:1249': 0, 'enode://17@127.0.0.1:1250': 0, 'enode://18@127.0.0.1:1251': -10, 'enode://19@127.0.0.1:1252': -11, 'enode://20@127.0.0.1:1253': -6, 'enode://21@127.0.0.1:1254': -5, 'enode://22@127.0.0.1:1255': 0, 'enode://23@127.0.0.1:1256': 0, 'enode://24@127.0.0.1:1257': 0, 'enode://25@127.0.0.1:1258': 0}
3 1786758354.441 1706 None {'21': 1, '0': 0, '20': 301, '14': 0, '2': 0, '16': 0, '24': 0, '11': 0, '5': 0, '8': 426, '22': 0, '25': 0, '9': 0, '19': 240, '4': 0, '17': 0, '12': 242, '23': 0, '6': 0, '13': 0, '10': 0, '7': 0, '3': 84, '1': 318, '18': 78, '15': 0} {'enode://1@127.0.0.1:1234': -6, 'enode://2@127.0.0.1:1235': 0, 'enode://3@127.0.0.1:1236': -8, 'enode://4@127.0.0.1:1237': 0, 'enode://5@127.0.0.1:1238': 0, 'enode://6@127.0.0.1:1239': 0, 'enode://7@127.0.0.1:1240': 0, 'enode://8@127.0.0.1:1241': -7, 'enode://9@127.0.0.1:1242': 0, 'enode://10@127.0.0.1:1243': 0, 'enode://11@127.0.0.1:1244': 0, 'enode://12@127.0.0.1:1245': -11, 'enode://13@127.0.0.1:1246': 0, 'enode://14@127.0.0.1:1247': 0, 'enode://15@127.0.0.1:1248': 0, 'enode://16@127.0.0.1:1249': 0, 'enode://17@127.0.0.1:1250': 0, 'enode://18@127.0.0.1:1251': -9, 'enode://19@127.0.0.1:1252': -10, 'enode://20@127.0.0.1:1253': -5, 'enode://21@127.0.0.1:1254': -4, 'enode://22@127.0.0.1:1255': 0, 'enode://23@127.0.0.1:1256': 0, 'enode://24@127.0.0.1:1257': -12, 'enode://25@127.0.0.1:1258': 0}
3 1786758354.442 1840 None {'21': 1, '0': 0, '20': 301, '14': 0, '2': 0, '16': 0, '24': 8, '11': 0, '5': 0, '8': 426, '22': 0, '25': 0, '9': 0, '19': 240, '4': 0, '17': 0, '12': 242, '23': 0, '6': 0, '13': 0, '10': 0, '7': 0, '3': 84, '1': 318, '18': 78, '15': 0} {'enode://1@127.0.0.1:1234': -5, 'enode://2@127.0.0.1:1235': 0, 'enode://3@127.0.0.1:1236': -7, 'enode://4@127.0.0.1:1237': 0, 'enode://5@127.0.0.1:1238': 0, 'enode://6@127.0.0.1:1239': 0, 'enode://7@127.0.0.1:1240': 0, 'enode://8@127.0.0.1:1241': -6, 'enode://9@127.0.0.1:1242': 0, 'enode://10@127.0.0.1:1243': 0, 'enode://11@127.0.0.1:1244': 0, 'enode://12@127.0.0.1:1245': -10, 'enode://13@127.0.0.1:1246': 0, 'enode://14@127.0.0.1:1247': -12, 'enode://15@127.0.0.1:1248': 0, 'enode://16@127.0.0.1:1249': 0, 'enode://17@127.0.0.1:1250': 0, 'enode://18@127.0.0.1:1251': -8, 'enode://19@127.0.0.1:1252': -9, 'enode://20@127.0.0.1:1253': -4, 'enode://21@127.0.0.1:1254': -3, 'enode://22@127.0.0.1:1255': 0, 'enode://23@127.0.0.1:1256': 0, 'enode://24@127.0.0.1:1257': -11, 'enode://25@127.0.0.1:1258': 0}
3 1786758354.442 1961 None {'21': 1, '0': 0, '20': 301, '14': 133, '2': 0, '16': 0, '24': 8, '11': 0, '5': 0, '8': 426, '22': 0, '25': 0, '9': 0, '19': 240, '4': 0, '17': 0, '12': 242, '23': 0, '6': 0, '13': 0, '10': 0, '7': 0, '3': 84, '1': 318, '18': 78, '15': 0} {'enode://1@127.0.0.1:1234': -4, 'enode://2@127.0.0.1:1235': 0, 'enode://3@127.0.0.1:1236': -6, 'enode://4@127.0.0.1:1237': 0, 'enode://5@127.0.0.1:1238': 0, 'enode://6@127.0.0.1:1239': 0, 'enode://7@127.0.0.1:1240': 0, 'enode://8@127.0.0.1:1241': -5, 'enode://9@127.0.0.1:1242': 0, 'enode://10@127.0.0.1:1243': 0, 'enode://11@127.0.0.1:1244': 0, 'enode://12@127.0.0.1:1245': -9, 'enode://13@127.0.0.1:1246': 0, 'enode://14@127.0.0.1:1247': -11, 'enode://15@127.0.0.1:1248': 0, 'enode://16@127.0.0.1:1249': 0, 'enode://17@127.0.0.1:1250': 0, 'enode://18@127.0.0.1:1251': -7, 'enode://19@127.0.0.1:1252': -8, 'enode://20@127.0.0.1:1253': -3, 'enode://21@127.0.0.1:1254': -2, 'enode://22@127.0.0.1:1255': 0, 'enode://23@127.0.0.1:1256': -12, 'enode://24@127.0.0.1:1257': -10, 'enode://25@127.0.0.1:1258': 0}
3 1786758354.442 2128 None {'21': 1, '0': 0, '20': 301, '14': 133, '2': 0, '16': 0, '24': 8, '11': 0, '5': 0, '8': 426, '22': 0, '25': 0, '9': 0, '19': 240, '4': 0, '17': 0, '12': 242, '23': 120, '6': 0, '13': 0, '10': 0, '7': 0, '3': 84, '1': 318, '18': 78, '15': 0} {'enode://1@127.0.0.1:1234': -3, 'enode://2@127.0.0.1:1235': 0, 'enode://3@127.0.0.1:1236': -5, 'enode://4@127.0.0.1:1237': 0, 'enode://5@127.0.0.1:1238': 0, 'enode://6@127.0.0.1:1239': 0, 'enode://7@127.0.0.1:1240': 0, 'enode://8@127.0.0.1:1241': -4, 'enode://9@127.0.0.1:1242': 0, 'enode://10@127.0.0.1:1243': 0, 'enode://11@127.0.0.1:1244': 0, 'enode://12@127.0.0.1:1245': -8, 'enode://13@127.0.0.1:1246': -12, 'enode://14@127.0.0.1:1247': -10, 'enode://15@127.0.0.1:1248': 0, 'enode://16@127.0.0.1:1249': 0, 'enode://17@127.0.0.1:1250': 0, 'enode://18@127.0.0.1:1251': -6, 'enode://19@127.0.0.1:1252': -7, 'enode://20@127.0.0.1:1253': -2, 'enode://21@127.0.0.1:1254': -1, 'enode://22@127.0.0.1:1255': 0, 'enode://23@127.0.0.1:1256': -11, 'enode://24@127.0.0.1:1257': -9, 'enode://25@127.0.0.1:1258': 0}
3 1786758354.442 2592 None {'21': 1, '0': 0, '20': 301, '14': 133, '2': 0, '16': 0, '24': 8, '11': 0, '5': 0, '8': 426, '22': 0, '25': 0, '9': 0, '19': 240, '4': 0, '17': 0, '12': 242, '23': 120, '6': 0, '13': 166, '10': 0, '7': 0, '3': 84, '1': 318, '18': 78, '15': 0} {'enode://1@127.0.0.1:1234': -2, 'enode://2@127.0.0.1:1235': 0, 'enode://3@127.0.0.1:1236': -4, 'enode://4@127.0.0.1:1237': 0, 'enode://5@127.0.0.1:1238': 0, 'enode://6@127.0.0.1:1239': 0, 'enode://7@127.0.0.1:1240': 0, 'enode://8@127.0.0.1:1241': -3, 'enode://9@127.0.0.1:1242': 0, 'enode://10@127.0.0.1:1243': 0, 'enode://11@127.0.0.1:1244': 0, 'enode://12@127.0.0.1:1245': -7, 'enode://13@127.0.0.1:1246': -11, 'enode://14@127.0.0.1:1247': -9, 'enode://15@127.0.0.1:1248': 0, 'enode://16@127.0.0.1:1249': -12, 'enode://17@127.0.0.1:1250': 0, 'enode://18@127.0.0.1:1251': -5, 'enode://19@127.0.0.1:1252': -6, 'enode://20@127.0.0.1:1253': -1, 'enode://21@127.0.0.1:1254': 0, 'enode://22@127.0.0.1:1255': 0, 'enode://23@127.0.0.1:1256': -10, 'enode://24@127.0.0.1:1257': -8, 'enode://25@127.0.0.1:1258': 0}
3 1786758354.442 2637 None {'21': 1, '0': 0, '20': 301, '14': 133, '2': 0, '16': 463, '24': 8, '11': 0, '5': 0, '8': 426, '22': 0, '25': 0, '9': 0, '19': 240, '4': 0, '17': 0, '12': 242, '23': 120, '6': 0, '13': 166, '10': 0, '7': 0, '3': 84, '1': 318, '18': 78, '15': 0} {'enode://1@127.0.0.1:1234': -1, 'enode://2@127.0.0.1:1235': 0, 'enode://3@127.0.0.1:1236': -3, 'enode://4@127.0.0.1:1237': 0, 'enode://5@127.0.0.1:1238': 0, 'enode://6@127.0.0.1:1239': 0, 'enode://7@127.0.0.1:1240': 0, 'enode://8@127.0.0.1:1241': -2, 'enode://9@127.0.0.1:1242': 0, 'enode://10@127.0.0.1:1243': 0, 'enode://11@127.0.0.1:1244': 0, 'enode://12@127.0.0.1:1245': -6, 'enode://13@127.0.0.1:1246': -10, 'enode://14@127.0.0.1:1247': -8, 'enode://15@127.0.0.1:1248': -12, 'enode://16@127.0.0.1:1249': -11, 'enode://17@127.0.0.1:1250': 0, 'enode://18@127.0.0.1:1251': -4, 'enode://19@127.0.0.1:1252': -5, 'enode://20@127.0.0.1:1253': 0, 'enode://21@127.0.0.1:1254': 0, 'enode://22@127.0.0.1:1255': 0, 'enode://23@127.0.0.1:1256': -9, 'enode://24@127.0.0.1:1257': -7, 'enode://25@127.0.0.1:1258': 0}
3 1786758354.442 2776 None {'21': 1, '0': 0, '20': 301, '14': 133, '2': 0, '16': 463, '24': 8, '11': 0, '5': 0, '8': 426, '22': 0, '25': 0, '9': 0, '19': 240, '4': 0, '17': 0, '12': 242, '23': 120, '6': 0, '13': 166, '10': 0, '7': 0, '3': 84, '1': 318, '18': 78, '15': 44} {'enode://1@127.0.0.1:1234': 0, 'enode://2@127.0.0.1:1235': 0, 'enode://3@127.0.0.1:1236': -2, 'enode://4@127.0.0.1:1237': 0, 'enode://5@127.0.0.1:1238': 0, 'enode://6@127.0.0.1:1239': 0, 'enode://7@127.0.0.1:1240': 0, 'enode://8@127.0.0.1:1241': -1, 'enode://9@127.0.0.1:1242': 0, 'enode://10@127.0.0.1:1243': 0, 'enode://11@127.0.0.1:1244': 0, 'enode://12@127.0.0.1:1245': -5, 'enode://13@127.0.0.1:1246': -9, 'enode://14@127.0.0.1:1247': -7, 'enode://15@127.0.0.1:1248': -11, 'enode://16@127.0.0.1:1249': -10, 'enode://17@127.0.0.1:1250': 0, 'enode://18@127.0.0.1:1251': -3, 'enode://19@127.0.0.1:1252': -4, 'enode://20@127.0.0.1:1253': -12, 'enode://21@127.0.0.1:1254': 0, 'enode://22@127.0.0.1:1255': 0, 'enode://23@127.0.0.1:1256': -8, 'enode://24@127.0.0.1:1257': -6, 'enode://25@127.0.0.1:1258': 0}
3 1786758354.442 3162 None {'21': 1, '0': 0, '20': 439, '14': 133, '2': 0, '16': 463, '24': 8, '11': 0, '5': 0, '8': 426, '22': 0, '25': 0, '9': 0, '19': 240, '4': 0, '17': 0, '12': 242, '23': 120, '6': 0, '13': 166, '10': 0, '7': 0, '3': 84, '1': 318, '18': 78, '15': 44} {'enode://1@127.0.0.1:1234': 0, 'enode://2@127.0.0.1:1235': 0, 'enode://3@127.0.0.1:1236': -1, 'enode://4@127.0.0.1:1237': 0, 'enode://5@127.0.0.1:1238': 0, 'enode://6@127.0.0.1:1239': 0, 'enode://7@127.0.0.1:1240': 0, 'enode://8@127.0.0.1:1241': 0, 'enode://9@127.0.0.1:1242': 0, 'enode://10@127.0.0.1:1243': -12, 'enode://11@127.0.0.1:1244': 0, 'enode://12@127.0.0.1:1245': -4, 'enode://13@127.0.0.1:1246': -8, 'enode://14@127.0.0.1:1247': -6, 'enode://15@127.0.0.1:1248': -10, 'enode://16@127.0.0.1:1249': -9, 'enode://17@127.0.0.1:1250': 0, 'enode://18@127.0.0.1:1251': -2, 'enode://19@127.0.0.1:1252': -3, 'enode://20@127.0.0.1:1253': -11, 'enode://21@127.0.0.1:1254': 0, 'enode://22@127.0.0.1:1255': 0, 'enode://23@127.0.0.1:1256': -7, 'enode://24@127.0.0.1:1257': -5, 'enode://25@127.0.0.1:1258': 0}
3 1786758354.442 3347 None {'21': 1, '0': 0, '20': 439, '14': 133, '2': 0, '16': 463, '24': 8, '11': 0, '5': 0, '8': 426, '22': 0, '25': 0, '9': 0, '19': 240, '4': 0, '17': 0, '12': 242, '23': 120, '6': 0, '13': 166, '10': 385, '7': 0, '3': 84, '1': 318, '18': 78, '15': 44} {'enode://1@127.0.0.1:1234': 0, 'enode://2@127.0.0.1:1235': 0, 'enode://3@127.0.0.1:1236': 0, 'enode://4@127.0.0.1:1237': 0, 'enode://5@127.0.0.1:1238': 0, 'enode://6@127.0.0.1:1239': -12, 'enode://7@127.0.0.1:1240': 0, 'enode://8@127.0.0.1:1241': 0, 'enode://9@127.0.0.1:1242': 0, 'enode://10@127.0.0.1:1243': -11, 'enode://11@127.0.0.1:1244': 0, 'enode://12@127.0.0.1:1245': -3, 'enode://13@127.0.0.1:1246': -7, 'enode://14@127.0.0.1:1247': -5, 'enode://15@127.0.0.1:1248': -9, 'enode://16@127.0.0.1:1249': -8, 'enode://17@127.0.0.1:1250': 0, 'enode://18@127.0.0.1:1251': -1, 'enode://19@127.0.0.1:1252': -2, 'enode://20@127.0.0.1:1253': -10, 'enode://21@127.0.0.1:1254': 0, 'enode://22@127.0.0.1:1255': 0, 'enode://23@127.0.0.1:1256': -6, 'enode://24@127.0.0.1:1257': -4, 'enode://25@127.0.0.1:1258': 0}
3 1786758354.442 3564 None {'21': 1, '0': 0, '20': 439, '14': 133, '2': 0, '16': 463, '24': 8, '11': 0, '5': 0, '8': 426, '22': 0, '25': 0, '9': 0, '19': 240, '4': 0, '17': 0, '12': 242, '23': 120, '6': 184, '13': 166, '10': 385, '7': 0, '3': 84, '1': 318, '18': 78, '15': 44} {'enode://1@127.0.0.1:1234': 0, 'enode://2@127.0.0.1:1235': 0, 'enode://3@127.0.0.1:1236': 0, 'enode://4@127.0.0.1:1237': 0, 'enode://5@127.0.0.1:1238': 0, 'enode://6@127.0.0.1:1239': -11, 'enode://7@127.0.0.1:1240': 0, 'enode://8@127.0.0.1:1241': -12, 'enode://9@127.0.0.1:1242': 0, 'enode://10@127.0.0.1:1243': -10, 'enode://11@127.0.0.1:1244': 0, 'enode://12@127.0.0.1:1245': -2, 'enode://13@127.0.0.1:1246': -6, 'enode://14@127.0.0.1:1247': -4, 'enode://15@127.0.0.1:1248': -8, 'enode://16@127.0.0.1:1249': -7, 'enode://17@127.0.0.1:1250': 0, 'enode://18@127.0.0.1:1251': 0, 'enode://19@127.0.0.1:1252': -1, 'enode://20@127.0.0.1:1253': -9, 'enode://21@127.0.0.1:1254': 0, 'enode://22@127.0.0.1:1255': 0, 'enode://23@127.0.0.1:1256': -5, 'enode://24@127.0.0.1:1257': -3, 'enode://25@127.0.0.1:1258': 0}
3 1786758354.442 3907 None {'21': 1, '0': 0, '20': 439, '14': 133, '2': 0, '16': 463, '24': 8, '11': 0, '5': 0, '8': 642, '22': 0, '25': 0, '9': 0, '19': 240, '4': 0, '17': 0, '12': 242, '23': 120, '6': 184, '13': 166, '10': 385, '7': 0, '3': 84, '1': 318, '18': 78, '15': 44} {'enode://1@127.0.0.1:1234': 0, 'enode://2@127.0.0.1:1235': 0, 'enode://3@127.0.0.1:1236': 0, 'enode://4@127.0.0.1:1237': 0, 'enode://5@127.0.0.1:1238': 0, 'enode://6@127.0.0.1:1239': -10, 'enode://7@127.0.0.1:1240': -12, 'enode://8@127.0.0.1:1241': -11, 'enode://9@127.0.0.1:1242': 0, 'enode://10@127.0.0.1:1243': -9, 'enode://11@127.0.0.1:1244': 0, 'enode://12@127.0.0.1:1245': -1, 'enode://13@127.0.0.1:1246': -5, 'enode://14@127.0.0.1:1247': -3, 'enode://15@127.0.0.1:1248': -7, 'enode://16@127.0.0.1:1249': -6, 'enode://17@127.0.0.1:1250': 0, 'enode://18@127.0.0.1:1251': 0, 'enode://19@127.0.0.1:1252': 0, 'enode://20@127.0.0.1:1253': -8, 'enode://21@127.0.0.1:1254': 0, 'enode://22@127.0.0.1:1255': 0, 'enode://23@127.0.0.1:1256': -4, 'enode://24@127.0.0.1:1257': -2, 'enode://25@127.0.0.1:1258': 0}
3 1786758354.442 4146 None {'21': 1, '0': 0, '20': 439, '14': 133, '2': 0, '16': 463, '24': 8, '11': 0, '5': 0, '8': 642, '22': 0, '25': 0, '9': 0, '19': 240, '4': 0, '17': 0, '12': 242, '23': 120, '6': 184, '13': 166, '10': 385, '7': 342, '3': 84, '1': 318, '18': 78, '15': 44} {'enode://1@127.0.0.1:1234': 0, 'enode://2@127.0.0.1:1235': 0, 'enode://3@127.0.0.1:1236': 0, 'enode://4@127.0.0.1:1237': 0, 'enode://5@127.0.0.1:1238': 0, 'enode://6@127.0.0.1:1239': -9, 'enode://7@127.0.0.1:1240': -11, 'enode://8@127.0.0.1:1241': -10, 'enode://9@127.0.0.1:1242': -12, 'enode://10@127.0.0.1:1243': -8, 'enode://11@127.0.0.1:1244': 0, 'enode://12@127.0.0.1:1245': 0, 'enode://13@127.0.0.1:1246': -4, 'enode://14@127.0.0.1:1247': -2, 'enode://15@127.0.0.1:1248': -6, 'enode://16@127.0.0.1:1249': -5, 'enode://17@127.0.0.1:1250': 0, 'enode://18@127.0.0.1:1251': 0, 'enode://19@127.0.0.1:1252': 0, 'enode://20@127.0.0.1:1253': -7, 'enode://21@127.0.0.1:1254': 0, 'enode://22@127.0.0.1:1255': 0, 'enode://23@127.0.0.1:1256': -3, 'enode://24@127.0.0.1:1257': -1, 'enode://25@127.0.0.1:1258': 0}
3 1786758354.442 4792 None {'21': 1, '0': 0, '20': 439, '14': 133, '2': 0, '16': 463, '24': 8, '11': 0, '5': 0, '8': 642, '22': 0, '25': 0, '9': 238, '19': 240, '4': 0, '17': 0, '12': 242, '23': 120, '6': 184, '13': 166, '10': 385, '7': 342, '3': 84, '1': 318, '18': 78, '15': 44} {'enode://1@127.0.0.1:1234': 0, 'enode://2@127.0.0.1:1235': -12, 'enode://3@127.0.0.1:1236': 0, 'enode://4@127.0.0.1:1237': 0, 'enode://5@127.0.0.1:1238': 0, 'enode://6@127.0.0.1:1239': -8, 'enode://7@127.0.0.1:1240': -10, 'enode://8@127.0.0.1:1241': -9, 'enode://9@127.0.0.1:1242': -11, 'enode://10@127.0.0.1:1243': -7, 'enode://11@127.0.0.1:1244': 0, 'enode://12@127.0.0.1:1245': 0, 'enode://13@127.0.0.1:1246': -3, 'enode://14@127.0.0.1:1247': -1, 'enode://15@127.0.0.1:1248': -5, 'enode://16@127.0.0.1:1249': -4, 'enode://17@127.0.0.1:1250': 0, 'enode://18@127.0.0.1:1251': 0, 'enode://19@127.0.0.1:1252': 0, 'enode://20@127.0.0.1:1253': -6, 'enode://21@127.0.0.1:1254': 0, 'enode://22@127.0.0.1:1255': 0, 'enode://23@127.0.0.1:1256': -2, 'enode://24@127.0.0.1:1257': 0, 'enode://25@127.0.0.1:1258': 0}
3 1786758354.442 5327 None {'21': 1, '0': 0, '20': 439, '14': 133, '2': 645, '16': 463, '24': 8, '11': 0, '5': 0, '8': 642, '22': 0, '25': 0, '9': 238, '19': 240, '4': 0, '17': 0, '12': 242, '23': 120, '6': 184, '13': 166, '10': 385, '7': 342, '3': 84, '1': 318, '18': 78, '15': 44} {'enode://1@127.0.0.1:1234': 0, 'enode://2@127.0.0.1:1235': -11, 'enode://3@127.0.0.1:1236': 0, 'enode://4@127.0.0.1:1237': 0, 'enode://5@127.0.0.1:1238': 0, 'enode://6@127.0.0.1:1239': -7, 'enode://7@127.0.0.1:1240': -9, 'enode://8@127.0.0.1:1241': -8, 'enode://9@127.0.0.1:1242': -10, 'enode://10@127.0.0.1:1243': -6, 'enode://11@127.0.0.1:1244': 0, 'enode://12@127.0.0.1:1245': 0, 'enode://13@127.0.0.1:1246': -2, 'enode://14@127.0.0.1:1247': 0, 'enode://15@127.0.0.1:1248': -4, 'enode://16@127.0.0.1:1249': -3, 'enode://17@127.0.0.1:1250': 0, 'enode://18@127.0.0.1:1251': 0, 'enode://19@127.0.0.1:1252': 0, 'enode://20@127.0.0.1:1253': -5, 'enode://21@127.0.0.1:1254': 0, 'enode://22@127.0.0.1:1255': 0, 'enode://23@127.0.0.1:1256': -1, 'enode://24@127.0.0.1:1257': -12, 'enode://25@127.0.0.1:1258': 0}
3 1786758354.442 5379 None {'21': 1, '0': 0, '20': 439, '14': 133, '2': 645, '16': 463, '24': 542, '11': 0, '5': 0, '8': 642, '22': 0, '25': 0, '9': 238, '19': 240, '4': 0, '17': 0, '12': 242, '23': 120, '6': 184, '13': 166, '10': 385, '7': 342, '3': 84, '1': 318, '18': 78, '15': 44} {'enode://1@127.0.0.1:1234': 0, 'enode://2@127.0.0.1:1235': -10, 'enode://3@127.0.0.1:1236': 0, 'enode://4@127.0.0.1:1237': 0, 'enode://5@127.0.0.1:1238': 0, 'enode://6@127.0.0.1:1239': -6, 'enode://7@127.0.0.1:1240': -8, 'enode://8@127.0.0.1:1241': -7, 'enode://9@127.0.0.1:1242': -9, 'enode://10@127.0.0.1:1243': -5, 'enode://11@127.0.0.1:1244': 0, 'enode://12@127.0.0.1:1245': 0, 'enode://13@127.0.0.1:1246': -1, 'enode://14@127.0.0.1:1247': 0, 'enode://15@127.0.0.1:1248': -3, 'enode://16@127.0.0.1:1249': -2, 'enode://17@127.0.0.1:1250': 0, 'enode://18@127.0.0.1:1251': 0, 'enode://19@127.0.0.1:1252': 0, 'enode://20@127.0.0.1:1253': -4, 'enode://21@127.0.0.1:1254': 0, 'enode://22@127.0.0.1:1255': 0, 'enode://23@127.0.0.1:1256': 0, 'enode://24@127.0.0.1:1257': -11, 'enode://25@127.0.0.1:1258': -12}
3 1786758354.442 5635 None {'21': 1, '0': 0, '20': 439, '14': 133, '2': 645, '16': 463, '24': 542, '11': 0, '5': 0, '8': 642, '22': 0, '25': 51, '9': 238, '19': 240, '4': 0, '17': 0, '12': 242, '23': 120, '6': 184, '13': 166, '10': 385, '7': 342, '3': 84, '1': 318, '18': 78, '15': 44} {'enode://1@127.0.0.1:1234': 0, 'enode://2@127.0.0.1:1235': -9, 'enode://3@127.0.0.1:1236': 0, 'enode://4@127.0.0.1:1237': 0, 'enode://5@127.0.0.1:1238': 0, 'enode://6@127.0.0.1:1239': -5, 'enode://7@127.0.0.1:1240': -7, 'enode://8@127.0.0.1:1241': -6, 'enode://9@127.0.0.1:1242': -8, 'enode://10@127.0.0.1:1243': -4, 'enode://11@127.0.0.1:1244': 0, 'enode://12@127.0.0.1:1245': 0, 'enode://13@127.0.0.1:1246': 0, 'enode://14@127.0.0.1:1247': 0, 'enode://15@127.0.0.1:1248': -2, 'enode://16@127.0.0.1:1249': -1, 'enode://17@127.0.0.1:1250': 0, 'enode://18@127.0.0.1:1251': 0, 'enode://19@127.0.0.1:1252': 0, 'enode://20@127.0.0.1:1253': -3, 'enode://21@127.0.0.1:1254': -12, 'enode://22@127.0.0.1:1255': 0, 'enode://23@127.0.0.1:1256': 0, 'enode://24@127.0.0.1:1257': -10, 'enode://25@127.0.0.1:1258': -11}
3 1786758354.443 6207 None {'21': 256, '0': 0, '20': 439, '14': 133, '2': 645, '16': 463, '24': 542, '11': 0, '5': 0, '8': 642, '22': 0, '25': 51, '9': 238, '19': 240, '4': 0, '17': 0, '12': 242, '23': 120, '6': 184, '13': 166, '10': 385, '7': 342, '3': 84, '1': 318, '18': 78, '15': 44} {'enode://1@127.0.0.1:1234': 0, 'enode://2@127.0.0.1:1235': -8, 'enode://3@127.0.0.1:1236': 0, 'enode://4@127.0.0.1:1237': 0, 'enode://5@127.0.0.1:1238': 0, 'enode://6@127.0.0.1:1239': -4, 'enode://7@127.0.0.1:1240': -6, 'enode://8@127.0.0.1:1241': -5, 'enode://9@127.0.0.1:1242': -7, 'enode://10@127.0.0.1:1243': -3, 'enode://11@127.0.0.1:1244': 0, 'enode://12@127.0.0.1:1245': 0, 'enode://13@127.0.0.1:1246': 0, 'enode://14@127.0.0.1:1247': 0, 'enode://15@127.0.0.1:1248': -1, 'enode://16@127.0.0.1:1249': 0, 'enode://17@127.0.0.1:1250': -12, 'enode://18@127.0.0.1:1251': 0, 'enode://19@127.0.0.1:1252': 0, 'enode://20@127.0.0.1:1253': -2, 'enode://21@127.0.0.1:1254': -11, 'enode://22@127.0.0.1:1255': 0, 'enode://23@127.0.0.1:1256': 0, 'enode://24@127.0.0.1:1257': -9, 'enode://25@127.0.0.1:1258': -10}
3 1786758354.443 6281 None {'21': 256, '0': 0, '20': 439, '14': 133, '2': 645, '16': 463, '24': 542, '11': 0, '5': 0, '8': 642, '22': 0, '25': 51, '9': 238, '19': 240, '4': 0, '17': 571, '12': 242, '23': 120, '6': 184, '13': 166, '10': 385, '7': 342, '3': 84, '1': 318, '18': 78, '15': 44} {'enode://1@127.0.0.1:1234': 0, 'enode://2@127.0.0.1:1235': -7, 'enode://3@127.0.0.1:1236': 0, 'enode://4@127.0.0.1:1237': 0, 'enode://5@127.0.0.1:1238': 0, 'enode://6@127.0.0.1:1239': -3, 'enode://7@127.0.0.1:1240': -5, 'enode://8@127.0.0.1:1241': -4, 'enode://9@127.0.0.1:1242': -6, 'enode://10@127.0.0.1:1243': -2, 'enode://11@127.0.0.1:1244': -12, 'enode://12@127.0.0.1:1245': 0, 'enode://13@127.0.0.1:1246': 0, 'enode://14@127.0.0.1:1247': 0, 'enode://15@127.0.0.1:1248': 0, 'enode://16@127.0.0.1:1249': 0, 'enode://17@127.0.0.1:1250': -11, 'enode://18@127.0.0.1:1251': 0, 'enode://19@127.0.0.1:1252': 0, 'enode://20@127.0.0.1:1253': -1, 'enode://21@127.0.0.1:1254': -10, 'enode://22@127.0.0.1:1255': 0, 'enode://23@127.0.0.1:1256': 0, 'enode://24@127.0.0.1:1257': -8, 'enode://25@127.0.0.1:1258': -9}
3 1786758354.443 7424 None {'21': 256, '0': 0, '20': 439, '14': 133, '2': 645, '16': 463, '24': 542, '11': 73, '5': 0, '8': 642, '22': 0, '25': 51, '9': 238, '19': 240, '4': 0, '17': 571, '12': 242, '23': 120, '6': 184, '13': 166, '10': 385, '7': 342, '3': 84, '1': 318, '18': 78, '15': 44} {'enode://1@127.0.0.1:1234': 0, 'enode://2@127.0.0.1:1235': -6, 'enode://3@127.0.0.1:1236': 0, 'enode://4@127.0.0.1:1237': 0, 'enode://5@127.0.0.1:1238': 0, 'enode://6@127.0.0.1:1239': -2, 'enode://7@127.0.0.1:1240': -4, 'enode://8@127.0.0.1:1241': -3, 'enode://9@127.0.0.1:1242': -5, 'enode://10@127.0.0.1:1243': -1, 'enode://11@127.0.0.1:1244': -11, 'enode://12@127.0.0.1:1245': 0, 'enode://13@127.0.0.1:1246': 0, 'enode://14@127.0.0.1:1247': 0, 'enode://15@127.0.0.1:1248': 0, 'enode://16@127.0.0.1:1249': 0, 'enode://17@127.0.0.1:1250': -10, 'enode://18@127.0.0.1:1251': 0, 'enode://19@127.0.0.1:1252': 0, 'enode://20@127.0.0.1:1253': 0, 'enode://21@127.0.0.1:1254': -9, 'enode://22@127.0.0.1:1255': -12, 'enode://23@127.0.0.1:1256': 0, 'enode://24@127.0.0.1:1257': -7, 'enode://25@127.0.0.1:1258': -8}
3 1786758354.443 7703 None {'21': 256, '0': 0, '20': 439, '14': 133, '2': 645, '16': 463, '24': 542, '11': 73, '5': 0, '8': 642, '22': 1142, '25': 51, '9': 238, '19': 240, '4': 0, '17': 571, '12': 242, '23': 120, '6': 184, '13': 166, '10': 385, '7': 342, '3': 84, '1': 318, '18': 78, '15': 44} {'enode://1@127.0.0.1:1234': 0, 'enode://2@127.0.0.1:1235': -5, 'enode://3@127.0.0.1:1236': 0, 'enode://4@127.0.0.1:1237': -12, 'enode://5@127.0.0.1:1238': 0, 'enode://6@127.0.0.1:1239': -1, 'enode://7@127.0.0.1:1240': -3, 'enode://8@127.0.0.1:1241': -2, 'enode://9@127.0.0.1:1242': -4, 'enode://10@127.0.0.1:1243': 0, 'enode://11@127.0.0.1:1244': -10, 'enode://12@127.0.0.1:1245': 0, 'enode://13@127.0.0.1:1246': 0, 'enode://14@127.0.0.1:1247': 0, 'enode://15@127.0.0.1:1248': 0, 'enode://16@127.0.0.1:1249': 0, 'enode://17@127.0.0.1:1250': -9, 'enode://18@127.0.0.1:1251': 0, 'enode://19@127.0.0.1:1252': 0, 'enode://20@127.0.0.1:1253': 0, 'enode://21@127.0.0.1:1254': -8, 'enode://22@127.0.0.1:1255': -11, 'enode://23@127.0.0.1:1256': 0, 'enode://24@127.0.0.1:1257': -6, 'enode://25@127.0.0.1:1258': -7}
3 1786758354.443 7773 None {'21': 256, '0': 0, '20': 439, '14': 133, '2': 645, '16': 463, '24': 542, '11': 73, '5': 0, '8': 642, '22': 1142, '25': 51, '9': 238, '19': 240, '4': 278, '17': 571, '12': 242, '23': 120, '6': 184, '13': 166, '10': 385, '7': 342, '3': 84, '1': 318, '18': 78, '15': 44} {'enode://1@127.0.0.1:1234': 0, 'enode://2@127.0.0.1:1235': -4, 'enode://3@127.0.0.1:1236': 0, 'enode://4@127.0.0.1:1237': -11, 'enode://5@127.0.0.1:1238': 0, 'enode://6@127.0.0.1:1239': 0, 'enode://7@127.0.0.1:1240': -2, 'enode://8@127.0.0.1:1241': -1, 'enode://9@127.0.0.1:1242': -3, 'enode://10@127.0.0.1:1243': 0, 'enode://11@127.0.0.1:1244': -9, 'enode://12@127.0.0.1:1245': 0, 'enode://13@127.0.0.1:1246': 0, 'enode://14@127.0.0.1:1247': 0, 'enode://15@127.0.0.1:1248': 0, 'enode://16@127.0.0.1:1249': 0, 'enode://17@127.0.0.1:1250': -8, 'enode://18@127.0.0.1:1251': 0, 'enode://19@127.0.0.1:1252': -12, 'enode://20@127.0.0.1:1253': 0, 'enode://21@127.0.0.1:1254': -7, 'enode://22@127.0.0.1:1255': -10, 'enode://23@127.0.0.1:1256': 0, 'enode://24@127.0.0.1:1257': -5, 'enode://25@127.0.0.1:1258': -6}
3 1786758354.443 8205 None {'21': 256, '0': 0, '20': 439, '14': 133, '2': 645, '16': 463, '24': 542, '11': 73, '5': 0, '8': 642, '22': 1142, '25': 51, '9': 238, '19': 309, '4': 278, '17': 571, '12': 242, '23': 120, '6': 184, '13': 166, '10': 385, '7': 342, '3': 84, '1': 318, '18': 78, '15': 44} {'enode://1@127.0.0.1:1234': 0, 'enode://2@127.0.0.1:1235': -3, 'enode://3@127.0.0.1:1236': 0, 'enode://4@127.0.0.1:1237': -10, 'enode://5@127.0.0.1:1238': -12, 'enode://6@127.0.0.1:1239': 0, 'enode://7@127.0.0.1:1240': -1, 'enode://8@127.0.0.1:1241': 0, 'enode://9@127.0.0.1:1242': -2, 'enode://10@127.0.0.1:1243': 0, 'enode://11@127.0.0.1:1244': -8, 'enode://12@127.0.0.1:1245': 0, 'enode://13@127.0.0.1:1246': 0, 'enode://14@127.0.0.1:1247': 0, 'enode://15@127.0.0.1:1248': 0, 'enode://16@127.0.0.1:1249': 0, 'enode://17@127.0.0.1:1250': -7, 'enode://18@127.0.0.1:1251': 0, 'enode://19@127.0.0.1:1252': -11, 'enode://20@127.0.0.1:1253': 0, 'enode://21@127.0.0.1:1254': -6, 'enode://22@127.0.0.1:1255': -9, 'enode://23@127.0.0.1:1256': 0, 'enode://24@127.0.0.1:1257': -4, 'enode://25@127.0.0.1:1258': -5}
3 1786758354.443 8859 None {'21': 256, '0': 0, '20': 439, '14': 133, '2': 645, '16': 463, '24': 542, '11': 73, '5': 431, '8': 642, '22': 1142, '25': 51, '9': 238, '19': 309, '4': 278, '17': 571, '12': 242, '23': 120, '6': 184, '13': 166, '10': 385, '7': 342, '3': 84, '1': 318, '18': 78, '15': 44} {'enode://1@127.0.0.1:1234': 0, 'enode://2@127.0.0.1:1235': -2, 'enode://3@127.0.0.1:1236': 0, 'enode://4@127.0.0.1:1237': -9, 'enode://5@127.0.0.1:1238': -11, 'enode://6@127.0.0.1:1239': -12, 'enode://7@127.0.0.1:1240': 0, 'enode://8@127.0.0.1:1241': 0, 'enode://9@127.0.0.1:1242': -1, 'enode://10@127.0.0.1:1243': 0, 'enode://11@127.0.0.1:1244': -7, 'enode://12@127.0.0.1:1245': 0, 'enode://13@127.0.0.1:1246': 0, 'enode://14@127.0.0.1:1247': 0, 'enode://15@127.0.0.1:1248': 0, 'enode://16@127.0.0.1:1249': 0, 'enode://17@127.0.0.1:1250': -6, 'enode://18@127.0.0.1:1251': 0, 'enode://19@127.0.0.1:1252': -10, 'enode://20@127.0.0.1:1253': 0, 'enode://21@127.0.0.1:1254': -5, 'enode://22@127.0.0.1:1255': -8, 'enode://23@127.0.0.1:1256': 0, 'enode://24@127.0.0.1:1257': -3, 'enode://25@127.0.0.1:1258': -4}
3 1786758354.443 9819 None {'21': 256, '0': 0, '20': 439, '14': 133, '2': 645, '16': 463, '24': 542, '11': 73, '5': 431, '8': 642, '22': 1142, '25': 51, '9': 238, '19': 309, '4': 278, '17': 571, '12': 242, '23': 120, '6': 837, '13': 166, '10': 385, '7': 342, '3': 84, '1': 318, '18': 78, '15': 44} {'enode://1@127.0.0.1:1234': 0, 'enode://2@127.0.0.1:1235': -1, 'enode://3@127.0.0.1:1236': 0, 'enode://4@127.0.0.1:1237': -8, 'enode://5@127.0.0.1:1238': -10, 'enode://6@127.0.0.1:1239': -11, 'enode://7@127.0.0.1:1240': 0, 'enode://8@127.0.0.1:1241': 0, 'enode://9@127.0.0.1:1242': 0, 'enode://10@127.0.0.1:1243': 0, 'enode://11@127.0.0.1:1244': -6, 'enode://12@127.0.0.1:1245': 0, 'enode://13@127.0.0.1:1246': 0, 'enode://14@127.0.0.1:1247': 0, 'enode://15@127.0.0.1:1248': 0, 'enode://16@127.0.0.1:1249': 0, 'enode://17@127.0.0.1:1250': -5, 'enode://18@127.0.0.1:1251': -12, 'enode://19@127.0.0.1:1252': -9, 'enode://20@127.0.0.1:1253': 0, 'enode://21@127.0.0.1:1254': -4, 'enode://22@127.0.0.1:1255': -7, 'enode://23@127.0.0.1:1256': 0, 'enode://24@127.0.0.1:1257': -2, 'enode://25@127.0.0.1:1258': -3}
3 1786758354.443 9904 None {'21': 256, '0': 0, '20': 439, '14': 133, '2': 645, '16': 463, '24': 542, '11': 73, '5': 431, '8': 642, '22': 1142, '25': 51, '9': 238, '19': 309, '4': 278, '17': 571, '12': 242, '23': 120, '6': 837, '13': 166, '10': 385, '7': 342, '3': 84, '1': 318, '18': 1037, '15': 44} {'enode://1@127.0.0.1:1234': 0, 'enode://2@127.0.0.1:1235': 0, 'enode://3@127.0.0.1:1236': 0, 'enode://4@127.0.0.1:1237': -7, 'enode://5@127.0.0.1:1238': -9, 'enode://6@127.0.0.1:1239': -10, 'enode://7@127.0.0.1:1240': -12, 'enode://8@127.0.0.1:1241': 0, 'enode://9@127.0.0.1:1242': 0, 'enode://10@127.0.0.1:1243': 0, 'enode://11@127.0.0.1:1244': -5, 'enode://12@127.0.0.1:1245': 0, 'enode://13@127.0.0.1:1246': 0, 'enode://14@127.0.0.1:1247': 0, 'enode://15@127.0.0.1:1248': 0, 'enode://16@127.0.0.1:1249': 0, 'enode://17@127.0.0.1:1250': -4, 'enode://18@127.0.0.1:1251': -11, 'enode://19@127.0.0.1:1252': -8, 'enode://20@127.0.0.1:1253': 0, 'enode://21@127.0.0.1:1254': -3, 'enode://22@127.0.0.1:1255': -6, 'enode://23@127.0.0.1:1256': 0, 'enode://24@127.0.0.1:1257': -1, 'enode://25@127.0.0.1:1258': -2}
3 1786758354.443 10324 None {'21': 256, '0': 0, '20': 439, '14': 133, '2': 645, '16': 463, '24': 542, '11': 73, '5': 431, '8': 642, '22': 1142, '25': 51, '9': 238, '19': 309, '4': 278, '17': 571, '12': 242, '23': 120, '6': 837, '13': 166, '10': 385, '7': 426, '3': 84, '1': 318, '18': 1037, '15': 44} {'enode://1@127.0.0.1:1234': 0, 'enode://2@127.0.0.1:1235': 0, 'enode://3@127.0.0.1:1236': 0, 'enode://4@127.0.0.1:1237': -6, 'enode://5@127.0.0.1:1238': -8, 'enode://6@127.0.0.1:1239': -9, 'enode://7@127.0.0.1:1240': -11, 'enode://8@127.0.0.1:1241': 0, 'enode://9@127.0.0.1:1242': -12, 'enode://10@127.0.0.1:1243': 0, 'enode://11@127.0.0.1:1244': -4, 'enode://12@127.0.0.1:1245': 0, 'enode://13@127.0.0.1:1246': 0, 'enode://14@127.0.0.1:1247': 0, 'enode://15@127.0.0.1:1248': 0, 'enode://16@127.0.0.1:1249': 0, 'enode://17@127.0.0.1:1250': -3, 'enode://18@127.0.0.1:1251': -10, 'enode://19@127.0.0.1:1252': -7, 'enode://20@127.0.0.1:1253': 0, 'enode://21@127.0.0.1:1254': -2, 'enode://22@127.0.0.1:1255': -5, 'enode://23@127.0.0.1:1256': 0, 'enode://24@127.0.0.1:1257': 0, 'enode://25@127.0.0.1:1258': -1}
3 1786758354.443 10475 None {'21': 256, '0': 0, '20': 439, '14': 133, '2': 645, '16': 463, '24': 542, '11': 73, '5': 431, '8': 642, '22': 1142, '25': 51, '9': 657, '19': 309, '4': 278, '17': 571, '12': 242, '23': 120, '6': 837, '13': 166, '10': 385, '7': 426, '3': 84, '1': 318, '18': 1037, '15': 44} {'enode://1@127.0.0.1:1234': 0, 'enode://2@127.0.0.1:1235': -12, 'enode://3@127.0.0.1:1236': 0, 'enode://4@127.0.0.1:1237': -5, 'enode://5@127.0.0.1:1238': -7, 'enode://6@127.0.0.1:1239': -8, 'enode://7@127.0.0.1:1240': -10, 'enode://8@127.0.0.1:1241': 0, 'enode://9@127.0.0.1:1242': -11, 'enode://10@127.0.0.1:1243': 0, 'enode://11@127.0.0.1:1244': -3, 'enode://12@127.0.0.1:1245': 0, 'enode://13@127.0.0.1:1246': 0, 'enode://14@127.0.0.1:1247': 0, 'enode://15@127.0.0.1:1248': 0, 'enode://16@127.0.0.1:1249': 0, 'enode://17@127.0.0.1:1250': -2, 'enode://18@127.0.0.1:1251': -9, 'enode://19@127.0.0.1:1252': -6, 'enode://20@127.0.0.1:1253': 0, 'enode://21@127.0.0.1:1254': -1, 'enode://22@127.0.0.1:1255': -4, 'enode://23@127.0.0.1:1256': 0, 'enode://24@127.0.0.1:1257': 0, 'enode://25@127.0.0.1:1258': 0}
3 1786758354.443 10636 None {'21': 256, '0': 0, '20': 439, '14': 133, '2': 795, '16': 463, '24': 542, '11': 73, '5': 431, '8': 642, '22': 1142, '25': 51, '9': 657, '19': 309, '4': 278, '17': 571, '12': 242, '23': 120, '6': 837, '13': 166, '10': 385, '7': 426, '3': 84, '1': 318, '18': 1037, '15': 44} {'enode://1@127.0.0.1:1234': -12, 'enode://2@127.0.0.1:1235': -11, 'enode://3@127.0.0.1:1236': 0, 'enode://4@127.0.0.1:1237': -4, 'enode://5@127.0.0.1:1238': -6, 'enode://6@127.0.0.1:1239': -7, 'enode://7@127.0.0.1:1240': -9, 'enode://8@127.0.0.1:1241': 0, 'enode://9@127.0.0.1:1242': -10, 'enode://10@127.0.0.1:1243': 0, 'enode://11@127.0.0.1:1244': -2, 'enode://12@127.0.0.1:1245': 0, 'enode://13@127.0.0.1:1246': 0, 'enode://14@127.0.0.1:1247': 0, 'enode://15@127.0.0.1:1248': 0, 'enode://16@127.0.0.1:1249': 0, 'enode://17@127.0.0.1:1250': -1, 'enode://18@127.0.0.1:1251': -8, 'enode://19@127.0.0.1:1252': -5, 'enode://20@127.0.0.1:1253': 0, 'enode://21@127.0.0.1:1254': 0, 'enode://22@127.0.0.1:1255': -3, 'enode://23@127.0.0.1:1256': 0, 'enode://24@127.0.0.1:1257': 0, 'enode://25@127.0.0.1:1258': 0}
3 1786758354.443 11307 None {'21': 256, '0': 0, '20': 439, '14': 133, '2': 795, '16': 463, '24': 542, '11': 73, '5': 431, '8': 642, '22': 1142, '25': 51, '9': 657, '19': 309, '4': 278, '17': 571, '12': 242, '23': 120, '6': 837, '13': 166, '10': 385, '7': 426, '3': 84, '1': 478, '18': 1037, '15': 44} {'enode://1@127.0.0.1:1234': -11, 'enode://2@127.0.0.1:1235': -10, 'enode://3@127.0.0.1:1236': 0, 'enode://4@127.0.0.1:1237': -3, 'enode://5@127.0.0.1:1238': -5, 'enode://6@127.0.0.1:1239': -6, 'enode://7@127.0.0.1:1240': -8, 'enode://8@127.0.0.1:1241': 0, 'enode://9@127.0.0.1:1242': -9, 'enode://10@127.0.0.1:1243': 0, 'enode://11@127.0.0.1:1244': -1, 'enode://12@127.0.0.1:1245': 0, 'enode://13@127.0.0.1:1246': 0, 'enode://14@127.0.0.1:1247': 0, 'enode://15@127.0.0.1:1248': 0, 'enode://16@127.0.0.1:1249': 0, 'enode://17@127.0.0.1:1250': 0, 'enode://18@127.0.0.1:1251': -7, 'enode://19@127.0.0.1:1252': -4, 'enode://20@127.0.0.1:1253': 0, 'enode://21@127.0.0.1:1254': 0, 'enode://22@127.0.0.1:1255': -2, 'enode://23@127.0.0.1:1256': 0, 'enode://24@127.0.0.1:1257': 0, 'enode://25@127.0.0.1:1258': -12}
3 1786758354.443 11559 None {'21': 256, '0': 0, '20': 439, '14': 133, '2': 795, '16': 463, '24': 542, '11': 73, '5': 431, '8': 642, '22': 1142, '25': 721, '9': 657, '19': 309, '4': 278, '17': 571, '12': 242, '23': 120, '6': 837, '13': 166, '10': 385, '7': 426, '3': 84, '1': 478, '18': 1037, '15': 44} {'enode://1@127.0.0.1:1234': -10, 'enode://2@127.0.0.1:1235': -9, 'enode://3@127.0.0.1:1236': 0, 'enode://4@127.0.0.1:1237': -2, 'enode://5@127.0.0.1:1238': -4, 'enode://6@127.0.0.1:1239': -5, 'enode://7@127.0.0.1:1240': -7, 'enode://8@127.0.0.1:1241': 0, 'enode://9@127.0.0.1:1242': -8, 'enode://10@127.0.0.1:1243': 0, 'enode://11@127.0.0.1:1244': 0, 'enode://12@127.0.0.1:1245': 0, 'enode://13@127.0.0.1:1246': 0, 'enode://14@127.0.0.1:1247': 0, 'enode://15@127.0.0.1:1248': 0, 'enode://16@127.0.0.1:1249': 0, 'enode://17@127.0.0.1:1250': 0, 'enode://18@127.0.0.1:1251': -6, 'enode://19@127.0.0.1:1252': -3, 'enode://20@127.0.0.1:1253': 0, 'enode://21@127.0.0.1:1254': -12, 'enode://22@127.0.0.1:1255': -1, 'enode://23@127.0.0.1:1256': 0, 'enode://24@127.0.0.1:1257': 0, 'enode://25@127.0.0.1:1258': -11}
3 1786758354.444 11566 None {'21': 507, '0': 0, '20': 439, '14': 133, '2': 795, '16': 463, '24': 542, '11': 73, '5': 431, '8': 642, '22': 1142, '25': 721, '9': 657, '19': 309, '4': 278, '17': 571, '12': 242, '23': 120, '6': 837, '13': 166, '10': 385, '7': 426, '3': 84, '1': 478, '18': 1037, '15': 44} {'enode://1@127.0.0.1:1234': -9, 'enode://2@127.0.0.1:1235': -8, 'enode://3@127.0.0.1:1236': 0, 'enode://4@127.0.0.1:1237': -1, 'enode://5@127.0.0.1:1238': -3, 'enode://6@127.0.0.1:1239': -4, 'enode://7@127.0.0.1:1240': -6, 'enode://8@127.0.0.1:1241': 0, 'enode://9@127.0.0.1:1242': -7, 'enode://10@127.0.0.1:1243': 0, 'enode://11@127.0.0.1:1244': 0, 'enode://12@127.0.0.1:1245': 0, 'enode://13@127.0.0.1:1246': 0, 'enode://14@127.0.0.1:1247': 0, 'enode://15@127.0.0.1:1248': 0, 'enode://16@127.0.0.1:1249': 0, 'enode://17@127.0.0.1:1250': 0, 'enode://18@127.0.0.1:1251': -5, 'enode://19@127.0.0.1:1252': -2, 'enode://20@127.0.0.1:1253': 0, 'enode://21@127.0.0.1:1254': -11, 'enode://22@127.0.0.1:1255': 0, 'enode://23@127.0.0.1:1256': 0, 'enode://24@127.0.0.1:1257': -12, 'enode://25@127.0.0.1:1258': -10}
3 1786758354.444 11623 None {'21': 507, '0': 0, '20': 439, '14': 133, '2': 795, '16': 463, '24': 548, '11': 73, '5': 431, '8': 642, '22': 1142, '25': 721, '9': 657, '19': 309, '4': 278, '17': 571, '12': 242, '23': 120, '6': 837, '13': 166, '10': 385, '7': 426, '3': 84, '1': 478, '18': 1037, '15': 44} {'enode://1@127.0.0.1:1234': -8, 'enode://2@127.0.0.1:1235': -7, 'enode://3@127.0.0.1:1236': 0, 'enode://4@127.0.0.1:1237': 0, 'enode://5@127.0.0.1:1238': -2, 'enode://6@127.0.0.1:1239': -3, 'enode://7@127.0.0.1:1240': -5, 'enode://8@127.0.0.1:1241': 0, 'enode://9@127.0.0.1:1242': -6, 'enode://10@127.0.0.1:1243': 0, 'enode://11@127.0.0.1:1244': 0, 'enode://12@127.0.0.1:1245': 0, 'enode://13@127.0.0.1:1246': 0, 'enode://14@127.0.0.1:1247': 0, 'enode://15@127.0.0.1:1248': 0, 'enode://16@127.0.0.1:1249': 0, 'enode://17@127.0.0.1:1250': 0, 'enode://18@127.0.0.1:1251': -4, 'enode://19@127.0.0.1:1252': -1, 'enode://20@127.0.0.1:1253': -12, 'enode://21@127.0.0.1:1254': -10, 'enode://22@127.0.0.1:1255': 0, 'enode://23@127.0.0.1:1256': 0, 'enode://24@127.0.0.1:1257': -11, 'enode://25@127.0.0.1:1258': -9}
3 1786758354.444 11797 None {'21': 507, '0': 0, '20': 495, '14': 133, '2': 795, '16': 463, '24': 548, '11': 73, '5': 431, '8': 642, '22': 1142, '25': 721, '9': 657, '19': 309, '4': 278, '17': 571, '12': 242, '23': 120, '6': 837, '13': 166, '10': 385, '7': 426, '3': 84, '1': 478, '18': 1037, '15': 44} {'enode://1@127.0.0.1:1234': -7, 'enode://2@127.0.0.1:1235': -6, 'enode://3@127.0.0.1:1236': 0, 'enode://4@127.0.0.1:1237': 0, 'enode://5@127.0.0.1:1238': -1, 'enode://6@127.0.0.1:1239': -2, 'enode://7@127.0.0.1:1240': -4, 'enode://8@127.0.0.1:1241': 0, 'enode://9@127.0.0.1:1242': -5, 'enode://10@127.0.0.1:1243': -12, 'enode://11@127.0.0.1:1244': 0, 'enode://12@127.0.0.1:1245': 0, 'enode://13@127.0.0.1:1246': 0, 'enode://14@127.0.0.1:1247': 0, 'enode://15@127.0.0.1:1248': 0, 'enode://16@127.0.0.1:1249': 0, 'enode://17@127.0.0.1:1250': 0, 'enode://18@127.0.0.1:1251': -3, 'enode://19@127.0.0.1:1252': 0, 'enode://20@127.0.0.1:1253': -11, 'enode://21@127.0.0.1:1254': -9, 'enode://22@127.0.0.1:1255': 0, 'enode://23@127.0.0.1:1256': 0, 'enode://24@127.0.0.1:1257': -10, 'enode://25@127.0.0.1:1258': -8}
3 1786758354.444 11812 None {'21': 507, '0': 0, '20': 495, '14': 133, '2': 795, '16': 463, '24': 548, '11': 73, '5': 431, '8': 642, '22': 1142, '25': 721, '9': 657, '19': 309, '4': 278, '17': 571, '12': 242, '23': 120, '6': 837, '13': 166, '10': 558, '7': 426, '3': 84, '1': 478, '18': 1037, '15': 44} {'enode://1@127.0.0.1:1234': -6, 'enode://2@127.0.0.1:1235': -5, 'enode://3@127.0.0.1:1236': 0, 'enode://4@127.0.0.1:1237': 0, 'enode://5@127.0.0.1:1238': 0, 'enode://6@127.0.0.1:1239': -1, 'enode://7@127.0.0.1:1240': -3, 'enode://8@127.0.0.1:1241': 0, 'enode://9@127.0.0.1:1242': -4, 'enode://10@127.0.0.1:1243': -11, 'enode://11@127.0.0.1:1244': 0, 'enode://12@127.0.0.1:1245': 0, 'enode://13@127.0.0.1:1246': 0, 'enode://14@127.0.0.1:1247': 0, 'enode://15@127.0.0.1:1248': 0, 'enode://16@127.0.0.1:1249': 0, 'enode://17@127.0.0.1:1250': -12, 'enode://18@127.0.0.1:1251': -2, 'enode://19@127.0.0.1:1252': 0, 'enode://20@127.0.0.1:1253': -10, 'enode://21@127.0.0.1:1254': -8, 'enode://22@127.0.0.1:1255': 0, 'enode://23@127.0.0.1:1256': 0, 'enode://24@127.0.0.1:1257': -9, 'enode://25@127.0.0.1:1258': -7}
3 1786758354.444 12488 None {'21': 507, '0': 0, '20': 495, '14': 133, '2': 795, '16': 463, '24': 548, '11': 73, '5': 431, '8': 642, '22': 1142, '25': 721, '9': 657, '19': 309, '4': 278, '17': 585, '12': 242, '23': 120, '6': 837, '13': 166, '10': 558, '7': 426, '3': 84, '1': 478, '18': 1037, '15': 44} {'enode://1@127.0.0.1:1234': -5, 'enode://2@127.0.0.1:1235': -4, 'enode://3@127.0.0.1:1236': 0, 'enode://4@127.0.0.1:1237': 0, 'enode://5@127.0.0.1:1238': 0, 'enode://6@127.0.0.1:1239': 0, 'enode://7@127.0.0.1:1240': -2, 'enode://8@127.0.0.1:1241': 0, 'enode://9@127.0.0.1:1242': -3, 'enode://10@127.0.0.1:1243': -10, 'enode://11@127.0.0.1:1244': 0, 'enode://12@127.0.0.1:1245': 0, 'enode://13@127.0.0.1:1246': 0, 'enode://14@127.0.0.1:1247': 0, 'enode://15@127.0.0.1:1248': 0, 'enode://16@127.0.0.1:1249': 0, 'enode://17@127.0.0.1:1250': -11, 'enode://18@127.0.0.1:1251': -1, 'enode://19@127.0.0.1:1252': 0, 'enode://20@127.0.0.1:1253': -9, 'enode://21@127.0.0.1:1254': -7, 'enode://22@127.0.0.1:1255': -12, 'enode://23@127.0.0.1:1256': 0, 'enode://24@127.0.0.1:1257': -8, 'enode://25@127.0.0.1:1258': -6}
3 1786758354.444 12791 None {'21': 507, '0': 0, '20': 495, '14': 133, '2': 795, '16': 463, '24': 548, '11': 73, '5': 431, '8': 642, '22': 1817, '25': 721, '9': 657, '19': 309, '4': 278, '17': 585, '12': 242, '23': 120, '6': 837, '13': 166, '10': 558, '7': 426, '3': 84, '1': 478, '18': 1037, '15': 44} {'enode://1@127.0.0.1:1234': -4, 'enode://2@127.0.0.1:1235': -3, 'enode://3@127.0.0.1:1236': 0, 'enode://4@127.0.0.1:1237': 0, 'enode://5@127.0.0.1:1238': 0, 'enode://6@127.0.0.1:1239': 0, 'enode://7@127.0.0.1:1240': -1, 'enode://8@127.0.0.1:1241': -12, 'enode://9@127.0.0.1:1242': -2, 'enode://10@127.0.0.1:1243': -9, 'enode://11@127.0.0.1:1244': 0, 'enode://12@127.0.0.1:1245': 0, 'enode://13@127.0.0.1:1246': 0, 'enode://14@127.0.0.1:1247': 0, 'enode://15@127.0.0.1:1248': 0, 'enode://16@127.0.0.1:1249': 0, 'enode://17@127.0.0.1:1250': -10, 'enode://18@127.0.0.1:1251': 0, 'enode://19@127.0.0.1:1252': 0, 'enode://20@127.0.0.1:1253': -8, 'enode://21@127.0.0.1:1254': -6, 'enode://22@127.0.0.1:1255': -11, 'enode://23@127.0.0.1:1256': 0, 'enode://24@127.0.0.1:1257': -7, 'enode://25@127.0.0.1:1258': -5}
3 1786758354.444 12946 None {'21': 507, '0': 0, '20': 495, '14': 133, '2': 795, '16': 463, '24': 548, '11': 73, '5': 431, '8': 944, '22': 1817, '25': 721, '9': 657, '19': 309, '4': 278, '17': 585, '12': 242, '23': 120, '6': 837, '13': 166, '10': 558, '7': 426, '3': 84, '1': 478, '18': 1037, '15': 44} {'enode://1@127.0.0.1:1234': -3, 'enode://2@127.0.0.1:1235': -2, 'enode://3@127.0.0.1:1236': 0, 'enode://4@127.0.0.1:1237': 0, 'enode://5@127.0.0.1:1238': 0, 'enode://6@127.0.0.1:1239': 0, 'enode://7@127.0.0.1:1240': 0, 'enode://8@127.0.0.1:1241': -11, 'enode://9@127.0.0.1:1242': -1, 'enode://10@127.0.0.1:1243': -8, 'enode://11@127.0.0.1:1244': 0, 'enode://12@127.0.0.1:1245': 0, 'enode://13@127.0.0.1:1246': 0, 'enode://14@127.0.0.1:1247': -12, 'enode://15@127.0.0.1:1248': 0, 'enode://16@127.0.0.1:1249': 0, 'enode://17@127.0.0.1:1250': -9, 'enode://18@127.0.0.1:1251': 0, 'enode://19@127.0.0.1:1252': 0, 'enode://20@127.0.0.1:1253': -7, 'enode://21@127.0.0.1:1254': -5, 'enode://22@127.0.0.1:1255': -10, 'enode://23@127.0.0.1:1256': 0, 'enode://24@127.0.0.1:1257': -6, 'enode://25@127.0.0.1:1258': -4}
3 1786758354.444 13026 None {'21': 507, '0': 0, '20': 495, '14': 287, '2': 795, '16': 463, '24': 548, '11': 73, '5': 431, '8': 944, '22': 1817, '25': 721, '9': 657, '19': 309, '4': 278, '17': 585, '12': 242, '23': 120, '6': 837, '13': 166, '10': 558, '7': 426, '3': 84, '1': 478, '18': 1037, '15': 44} {'enode://1@127.0.0.1:1234': -2, 'enode://2@127.0.0.1:1235': -1, 'enode://3@127.0.0.1:1236': 0, 'enode://4@127.0.0.1:1237': 0, 'enode://5@127.0.0.1:1238': 0, 'enode://6@127.0.0.1:1239': 0, 'enode://7@127.0.0.1:1240': 0, 'enode://8@127.0.0.1:1241': -10, 'enode://9@127.0.0.1:1242': 0, 'enode://10@127.0.0.1:1243': -7, 'enode://11@127.0.0.1:1244': 0, 'enode://12@127.0.0.1:1245': 0, 'enode://13@127.0.0.1:1246': 0, 'enode://14@127.0.0.1:1247': -11, 'enode://15@127.0.0.1:1248': 0, 'enode://16@127.0.0.1:1249': -12, 'enode://17@127.0.0.1:1250': -8, 'enode://18@127.0.0.1:1251': 0, 'enode://19@127.0.0.1:1252': 0, 'enode://20@127.0.0.1:1253': -6, 'enode://21@127.0.0.1:1254': -4, 'enode://22@127.0.0.1:1255': -9, 'enode://23@127.0.0.1:1256': 0, 'enode://24@127.0.0.1:1257': -5, 'enode://25@127.0.0.1:1258': -3}
3 1786758354.444 13304 None {'21': 507, '0': 0, '20': 495, '14': 287, '2': 795, '16': 542, '24': 548, '11': 73, '5': 431, '8': 944, '22': 1817, '25': 721, '9': 657, '19': 309, '4': 278, '17': 585, '12': 242, '23': 120, '6': 837, '13': 166, '10': 558, '7': 426, '3': 84, '1': 478, '18': 1037, '15': 44} {'enode://1@127.0.0.1:1234': -1, 'enode://2@127.0.0.1:1235': 0, 'enode://3@127.0.0.1:1236': -12, 'enode://4@127.0.0.1:1237': 0, 'enode://5@127.0.0.1:1238': 0, 'enode://6@127.0.0.1:1239': 0, 'enode://7@127.0.0.1:1240': 0, 'enode://8@127.0.0.1:1241': -9, 'enode://9@127.0.0.1:1242': 0, 'enode://10@127.0.0.1:1243': -6, 'enode://11@127.0.0.1:1244': 0, 'enode://12@127.0.0.1:1245': 0, 'enode://13@127.0.0.1:1246': 0, 'enode://14@127.0.0.1:1247': -10, 'enode://15@127.0.0.1:1248': 0, 'enode://16@127.0.0.1:1249': -11, 'enode://17@127.0.0.1:1250': -7, 'enode://18@127.0.0.1:1251': 0, 'enode://19@127.0.0.1:1252': 0, 'enode://20@127.0.0.1:1253': -5, 'enode://21@127.0.0.1:1254': -3, 'enode://22@127.0.0.1:1255': -8, 'enode://23@127.0.0.1:1256': 0, 'enode://24@127.0.0.1:1257': -4, 'enode://25@127.0.0.1:1258': -2}
3 1786758354.444 13758 None {'21': 507, '0': 0, '20': 495, '14': 287, '2': 795, '16': 542, '24': 548, '11': 73, '5': 431, '8': 944, '22': 1817, '25': 721, '9': 657, '19': 309, '4': 278, '17': 585, '12': 242, '23': 120, '6': 837, '13': 166, '10': 558, '7': 426, '3': 361, '1': 478, '18': 1037, '15': 44} {'enode://1@127.0.0.1:1234': 0, 'enode://2@127.0.0.1:1235': -12, 'enode://3@127.0.0.1:1236': -11, 'enode://4@127.0.0.1:1237': 0, 'enode://5@127.0.0.1:1238': 0, 'enode://6@127.0.0.1:1239': 0, 'enode://7@127.0.0.1:1240': 0, 'enode://8@127.0.0.1:1241': -8, 'enode://9@127.0.0.1:1242': 0, 'enode://10@127.0.0.1:1243': -5, 'enode://11@127.0.0.1:1244': 0, 'enode://12@127.0.0.1:1245': 0, 'enode://13@127.0.0.1:1246': 0, 'enode://14@127.0.0.1:1247': -9, 'enode://15@127.0.0.1:1248': 0, 'enode://16@127.0.0.1:1249': -10, 'enode://17@127.0.0.1:1250': -6, 'enode://18@127.0.0.1:1251': 0, 'enode://19@127.0.0.1:1252': 0, 'enode://20@127.0.0.1:1253': -4, 'enode://21@127.0.0.1:1254': -2, 'enode://22@127.0.0.1:1255': -7, 'enode://23@127.0.0.1:1256': 0, 'enode://24@127.0.0.1:1257': -3, 'enode://25@127.0.0.1:1258': -1}
3 1786758354.444 14071 None {'21': 507, '0': 0, '20': 495, '14': 287, '2': 1248, '16': 542, '24': 548, '11': 73, '5': 431, '8': 944, '22': 1817, '25': 721, '9': 657, '19': 309, '4': 278, '17': 585, '12': 242, '23': 120, '6': 837, '13': 166, '10': 558, '7': 426, '3': 361, '1': 478, '18': 1037, '15': 44} {'enode://1@127.0.0.1:1234': 0, 'enode://2@127.0.0.1:1235': -11, 'enode://3@127.0.0.1:1236': -10, 'enode://4@127.0.0.1:1237': 0, 'enode://5@127.0.0.1:1238': 0, 'enode://6@127.0.0.1:1239': 0, 'enode://7@127.0.0.1:1240': 0, 'enode://8@127.0.0.1:1241': -7, 'enode://9@127.0.0.1:1242': -12, 'enode://10@127.0.0.1:1243': -4, 'enode://11@127.0.0.1:1244': 0, 'enode://12@127.0.0.1:1245': 0, 'enode://13@127.0.0.1:1246': 0, 'enode://14@127.0.0.1:1247': -8, 'enode://15@127.0.0.1:1248': 0, 'enode://16@127.0.0.1:1249': -9, 'enode://17@127.0.0.1:1250': -5, 'enode://18@127.0.0.1:1251': 0, 'enode://19@127.0.0.1:1252': 0, 'enode://20@127.0.0.1:1253': -3, 'enode://21@127.0.0.1:1254': -1, 'enode://22@127.0.0.1:1255': -6, 'enode://23@127.0.0.1:1256': 0, 'enode://24@127.0.0.1:1257': -2, 'enode://25@127.0.0.1:1258': 0}
3 1786758354.444 14422 None {'21': 507, '0': 0, '20': 495, '14': 287, '2': 1248, '16': 542, '24': 548, '11': 73, '5': 431, '8': 944, '22': 1817, '25': 721, '9': 969, '19': 309, '4': 278, '17': 585, '12': 242, '23': 120, '6': 837, '13': 166, '10': 558, '7': 426, '3': 361, '1': 478, '18': 1037, '15': 44} {'enode://1@127.0.0.1:1234': 0, 'enode://2@127.0.0.1:1235': -10, 'enode://3@127.0.0.1:1236': -9, 'enode://4@127.0.0.1:1237': 0, 'enode://5@127.0.0.1:1238': 0, 'enode://6@127.0.0.1:1239': 0, 'enode://7@127.0.0.1:1240': 0, 'enode://8@127.0.0.1:1241': -6, 'enode://9@127.0.0.1:1242': -11, 'enode://10@127.0.0.1:1243': -3, 'enode://11@127.0.0.1:1244': 0, 'enode://12@127.0.0.1:1245': 0, 'enode://13@127.0.0.1:1246': 0, 'enode://14@127.0.0.1:1247': -7, 'enode://15@127.0.0.1:1248': 0, 'enode://16@127.0.0.1:1249': -8, 'enode://17@127.0.0.1:1250': -4, 'enode://18@127.0.0.1:1251': 0, 'enode://19@127.0.0.1:1252': 0, 'enode://20@127.0.0.1:1253': -2, 'enode://21@127.0.0.1:1254': 0, 'enode://22@127.0.0.1:1255': -5, 'enode://23@127.0.0.1:1256': 0, 'enode://24@127.0.0.1:1257': -1, 'enode://25@127.0.0.1:1258': -12}
