ID TIME HEIGHT MINER BLOCK TIMESTAMP TELAPSED RECEPTION SIZE_KB TXS DIFF TDIFF HASH PHASH
18 1787154729.114 0 ['enode://1@127.0.0.1:1234', 'enode://2@127.0.0.1:1235', 'enode://3@127.0.0.1:1236', 'enode://4@127.0.0.1:1237', 'enode://5@127.0.0.1:1238', 'enode://6@127.0.0.1:1239', 'enode://7@127.0.0.1:1240', 'enode://8@127.0.0.1:1241', 'enode://9@127.0.0.1:1242', 'enode://10@127.0.0.1:1243', 'enode://11@127.0.0.1:1244', 'enode://12@127.0.0.1:1245', 'enode://13@127.0.0.1:1246', 'enode://14@127.0.0.1:1247', 'enode://15@127.0.0.1:1248', 'enode://16@127.0.0.1:1249', 'enode://17@127.0.0.1:1250', 'enode://18@127.0.0.1:1251', 'enode://19@127.0.0.1:1252', 'enode://20@127.0.0.1:1253'] 0 0 0 0 0.046875 0 0 0 849f88fe514e3c617eea1c11b175316038208403cc67ad416e91b42cb3ad434f 0
18 1787154729.114 1 enode://1@127.0.0.1:1234 1 10 33 43 0.046875 0 2 2 1fb0cb2d3f67529da32b3f28ab16b4de46b8cab0ab0b31b83e0cf698c1a56307 849f88fe514e3c617eea1c11b175316038208403cc67ad416e91b42cb3ad434f
18 1787154729.114 2 enode://2@127.0.0.1:1235 2 43 21 64 0.046875 0 2 4 cbcc14c8c3a61a02fa6816ab21629da9b779398bc1234d1573b81e8aaccdbeeb 1fb0cb2d3f67529da32b3f28ab16b4de46b8cab0ab0b31b83e0cf698c1a56307
18 1787154729.114 3 enode://3@127.0.0.1:1236 3 64 0 64 0.046875 0 2 6 1bcc14c1264b20080a3a519169595497d24f50c64c457cecea57be2a632bf983 cbcc14c8c3a61a02fa6816ab21629da9b779398bc1234d1573b81e8aaccdbeeb
18 1787154729.114 4 enode://7@127.0.0.1:1240 4 149 125 274 0.046875 0 1 7 1326b534a2c96081068b34b90dd9b86e8402301762b88b25b792dfa5c13887a8 1bcc14c1264b20080a3a519169595497d24f50c64c457cecea57be2a632bf983
18 1787154729.114 5 enode://9@127.0.0.1:1242 5 259 15 274 0.046875 0 1 8 07702d66611b35bca7cd27d35957b10319fd1ab118635cea1716e11fca05b761 1326b534a2c96081068b34b90dd9b86e8402301762b88b25b792dfa5c13887a8
18 1787154729.114 6 enode://6@127.0.0.1:1239 6 295 0 295 0.046875 0 2 10 f95b8619b51937e501c27e69600229ed4aad7adc19b8abba8ae2f0b02795088f 07702d66611b35bca7cd27d35957b10319fd1ab118635cea1716e11fca05b761
18 1787154729.114 7 enode://14@127.0.0.1:1247 7 480 46 526 0.046875 0 1 11 635096ac4f53a25bcabc41bdc4b3af3c4d03ecd0853f5f9a8cf819c474eb5fdf f95b8619b51937e501c27e69600229ed4aad7adc19b8abba8ae2f0b02795088f
18 1787154729.114 8 enode://15@127.0.0.1:1248 8 665 8 673 0.046875 0 1 12 acc693592faef5891bcd1fbb6691022cfa77abf8dc7f5c562e30344cd046e011 635096ac4f53a25bcabc41bdc4b3af3c4d03ecd0853f5f9a8cf819c474eb5fdf
18 1787154729.114 9 enode://11@127.0.0.1:1244 9 725 74 799 0.046875 0 1 13 88b395f023cd252c300c939e52a4fcfe0d373dc2d21b08df6a024e2411e0ac28 acc693592faef5891bcd1fbb6691022cfa77abf8dc7f5c562e30344cd046e011
18 1787154729.114 10 enode://12@127.0.0.1:1245 10 820 168 988 0.046875 0 1 14 01021b14228e7c8ecada554419e892a471eec13b1b72812c2fcef9416453ba84 88b395f023cd252c300c939e52a4fcfe0d373dc2d21b08df6a024e2411e0ac28
18 1787154729.114 11 enode://17@127.0.0.1:1250 11 980 8 988 0.046875 0 1 15 af58de7368d97f1cad0d5f1cf64252addc19fb9afa207724985ecae496610966 01021b14228e7c8ecada554419e892a471eec13b1b72812c2fcef9416453ba84
18 1787154729.114 12 enode://13@127.0.0.1:1246 12 1015 99 1114 0.046875 0 1 16 d5c48f5b18c12d237acce8c7ae59685b2f8e9741c1a5b8513c632b983abe247e af58de7368d97f1cad0d5f1cf64252addc19fb9afa207724985ecae496610966
18 1787154729.114 13 enode://16@127.0.0.1:1249 13 1100 245 1345 0.046875 0 1 17 0c71bc3a8c1de0c7f7946896d2b9e7965548f3392356ae63476be30f4ecedb26 d5c48f5b18c12d237acce8c7ae59685b2f8e9741c1a5b8513c632b983abe247e
18 1787154729.114 14 enode://19@127.0.0.1:1252 14 1235 173 1408 0.046875 0 1 18 4b7f98cea7755cf0f70597d71e6cd91a54dab38dbad67493f0849931491dce44 0c71bc3a8c1de0c7f7946896d2b9e7965548f3392356ae63476be30f4ecedb26
18 1787154729.114 15 enode://20@127.0.0.1:1253 15 1370 38 1408 0.046875 0 1 19 6a41d0b0fc319f480df8e69aaac5a4f6e70e5be12d38d7c50e6c5d95075b6fcb 4b7f98cea7755cf0f70597d71e6cd91a54dab38dbad67493f0849931491dce44
18 1787154729.114 16 enode://18@127.0.0.1:1251 16 1430 0 1430 0.046875 0 1 20 74e5d970760e623c0310ad6cb583b9fe4ccc11dfd77230b5a0f50fe87c62f05a 6a41d0b0fc319f480df8e69aaac5a4f6e70e5be12d38d7c50e6c5d95075b6fcb
18 1787154729.114 17 enode://3@127.0.0.1:1236 17 1590 553 2143 0.046875 0 1 21 d8893cc69886e50bdb037496017d50a27faa5b17289c28d9ab5524a1c697ca62 74e5d970760e623c0310ad6cb583b9fe4ccc11dfd77230b5a0f50fe87c62f05a
18 1787154729.114 18 enode://4@127.0.0.1:1237 18 1750 393 2143 0.046875 0 1 22 304ca9cda35eefef530e53d9ad6aa8be4d8eb5d53fe84fb778c1f17499f01d24 d8893cc69886e50bdb037496017d50a27faa5b17289c28d9ab5524a1c697ca62
18 1787154729.114 19 enode://1@127.0.0.1:1234 19 1870 273 2143 0.046875 0 1 23 c211c6eec02f3f12f3c4d119040972da529f883708ba15735ac669cd27abe76d 304ca9cda35eefef530e53d9ad6aa8be4d8eb5d53fe84fb778c1f17499f01d24
18 1787154729.114 20 enode://8@127.0.0.1:1241 20 2080 63 2143 0.046875 0 1 24 c92afba0c729c5fcf6a60853ef9baec606b8c476260e31151a1e852bc7f22dd3 c211c6eec02f3f12f3c4d119040972da529f883708ba15735ac669cd27abe76d
18 1787154729.114 21 enode://2@127.0.0.1:1235 21 2122 21 2143 0.046875 0 1 25 d8d011f788c807dc593eb1e28e98a84b5fbf9d215eaf97049b78f0e4e5c645e0 c92afba0c729c5fcf6a60853ef9baec606b8c476260e31151a1e852bc7f22dd3
18 1787154729.115 22 enode://6@127.0.0.1:1239 22 2232 16 2248 0.046875 0 1 26 14cb2f0de1c15ea2abe66071e149edb26c07b26b678e70ce061737485dd8547e d8d011f788c807dc593eb1e28e98a84b5fbf9d215eaf97049b78f0e4e5c645e0
18 1787154729.115 23 enode://7@127.0.0.1:1240 23 2342 11 2353 0.046875 0 1 27 8a285e691db39a038e2669923794ecc3581eb0154672d9eea765a1a8170d6d44 14cb2f0de1c15ea2abe66071e149edb26c07b26b678e70ce061737485dd8547e
18 1787154729.115 24 enode://10@127.0.0.1:1243 24 2502 502 3004 0.046875 0 1 28 917585e70dea713dc4468dd36d949ae7afdcadfa4c932042a64a2b12e4c3af19 8a285e691db39a038e2669923794ecc3581eb0154672d9eea765a1a8170d6d44
18 1787154729.115 25 enode://14@127.0.0.1:1247 25 2737 267 3004 0.046875 0 1 29 f2ba79db89ee383c4e8dc9921c3930279828f0ffcbb6745b62ed7b74a627f44e 917585e70dea713dc4468dd36d949ae7afdcadfa4c932042a64a2b12e4c3af19
18 1787154729.115 26 enode://12@127.0.0.1:1245 26 2897 107 3004 0.046875 0 1 30 e7107e454219435354027cb3065b43e2418eb2c8130430164c75fb17564e5c3f f2ba79db89ee383c4e8dc9921c3930279828f0ffcbb6745b62ed7b74a627f44e
18 1787154729.115 27 enode://11@127.0.0.1:1244 27 3046 0 3046 0.046875 0 1 31 02f5b83b410ba9257b2e92f297fb21d8c5446e619bff80a520e8eb08c18ef62f e7107e454219435354027cb3065b43e2418eb2c8130430164c75fb17564e5c3f
18 1787154729.115 28 enode://15@127.0.0.1:1248 28 3231 4 3235 0.046875 0 1 32 6aed8ad36d0f95ff4c862907bdaf3e55cfe24bff061b3795a03ba93782366c39 02f5b83b410ba9257b2e92f297fb21d8c5446e619bff80a520e8eb08c18ef62f
18 1787154729.115 29 enode://9@127.0.0.1:1242 29 3256 0 3256 0.046875 0 2 34 5fbb5c248aafdab9ee217cc80b288c94038941e83d05bc15b32b3ed2505bd4e5 6aed8ad36d0f95ff4c862907bdaf3e55cfe24bff061b3795a03ba93782366c39
18 1787154729.115 30 enode://16@127.0.0.1:1249 30 3416 533 3949 0.046875 0 1 35 28ef95c94255ac79ca1a6f9fa7b93311acd0e24d901a23205c8137920bed89bb 5fbb5c248aafdab9ee217cc80b288c94038941e83d05bc15b32b3ed2505bd4e5
18 1787154729.115 31 enode://19@127.0.0.1:1252 31 3626 323 3949 0.046875 0 1 36 ae5f986d783e1dc4a806ca9f5bb4c1f4043549d6768b8a527db64e3cde2e3d90 28ef95c94255ac79ca1a6f9fa7b93311acd0e24d901a23205c8137920bed89bb
18 1787154729.115 32 enode://13@127.0.0.1:1246 32 3676 273 3949 0.046875 0 1 37 90fb342decfc59a84988a40338e835389124ac9405ec68aa2941151b1e4391fe ae5f986d783e1dc4a806ca9f5bb4c1f4043549d6768b8a527db64e3cde2e3d90
18 1787154729.115 33 enode://3@127.0.0.1:1236 33 3936 13 3949 0.046875 0 1 38 bb56c5ac5703500882bbb4987ef7f0664e4355d487f0e02ba5fcf8d25864e1d9 90fb342decfc59a84988a40338e835389124ac9405ec68aa2941151b1e4391fe
