ID TIME n private balances connectivity
12 1786571864.385 0 {} {} {'enode://1@127.0.0.1:1234': 0, 'enode://2@127.0.0.1:1235': 0, 'enode://3@127.0.0.1:1236': 0, 'enode://4@127.0.0.1:1237': 0, 'enode://5@127.0.0.1:1238': 0, 'enode://6@127.0.0.1:1239': 0, 'enode://7@127.0.0.1:1240': 0, 'enode://8@127.0.0.1:1241': 0, 'enode://9@127.0.0.1:1242': 0, 'enode://10@127.0.0.1:1243': 0, 'enode://11@127.0.0.1:1244': 0, 'enode://12@127.0.0.1:1245': 0, 'enode://13@127.0.0.1:1246': 0, 'enode://14@127.0.0.1:1247': 0, 'enode://15@127.0.0.1:1248': 0, 'enode://16@127.0.0.1:1249': 0, 'enode://17@127.0.0.1:1250': 0, 'enode://18@127.0.0.1:1251': 0, 'enode://19@127.0.0.1:1252': 0, 'enode://20@127.0.0.1:1253': 0, 'enode://21@127.0.0.1:1254': 0, 'enode://22@127.0.0.1:1255': 0, 'enode://23@127.0.0.1:1256': 0, 'enode://24@127.0.0.1:1257': 0, 'enode://25@127.0.0.1:1258': 0}
12 1786571864.385 1 None {'21': 0, '0': 0} {'enode://1@127.0.0.1:1234': 0, 'enode://2@127.0.0.1:1235': 0, 'enode://3@127.0.0.1:1236': 0, 'enode://4@127.0.0.1:1237': 0, 'enode://5@127.0.0.1:1238': 0, 'enode://6@127.0.0.1:1239': 0, 'enode://7@127.0.0.1:1240': 0, 'enode://8@127.0.0.1:1241': 0, 'enode://9@127.0.0.1:1242': 0, 'enode://10@127.0.0.1:1243': 0, 'enode://11@127.0.0.1:1244': 0, 'enode://12@127.0.0.1:1245': 0, 'enode://13@127.0.0.1:1246': 0, 'enode://14@127.0.0.1:1247': 0, 'enode://15@127.0.0.1:1248': 0, 'enode://16@127.0.0.1:1249': 0, 'enode://17@127.0.0.1:1250': 0, 'enode://18@127.0.0.1:1251': 0, 'enode://19@127.0.0.1:1252': 0, 'enode://20@127.0.0.1:1253': 0, 'enode://21@127.0.0.1:1254': -12, 'enode://22@127.0.0.1:1255': 0, 'enode://23@127.0.0.1:1256': 0, 'enode://24@127.0.0.1:1257': 0, 'enode://25@127.0.0.1:1258': 0}
12 1786571864.385 207 None {'21': 1, '0': 0, '18': 0, '20': 0, '16': 0, '5': 0, '3': 0, '23': 0, '15': 0, '25': 0, '1': 0, '12': 0, '19': 0, '14': 0, '4': 0, '11': 0} {'enode://1@127.0.0.1:1234': 0, 'enode://2@127.0.0.1:1235': 0, 'enode://3@127.0.0.1:1236': 0, 'enode://4@127.0.0.1:1237': 0, 'enode://5@127.0.0.1:1238': 0, 'enode://6@127.0.0.1:1239': 0, 'enode://7@127.0.0.1:1240': 0, 'enode://8@127.0.0.1:1241': 0, 'enode://9@127.0.0.1:1242': 0, 'enode://10@127.0.0.1:1243': 0, 'enode://11@127.0.0.1:1244': 0, 'enode://12@127.0.0.1:1245': 0, 'enode://13@127.0.0.1:1246': 0, 'enode://14@127.0.0.1:1247': 0, 'enode://15@127.0.0.1:1248': 0, 'enode://16@127.0.0.1:1249': 0, 'enode://17@127.0.0.1:1250': 0, 'enode://18@127.0.0.1:1251': -12, 'enode://19@127.0.0.1:1252': 0, 'enode://20@127.0.0.1:1253': 0, 'enode://21@127.0.0.1:1254': -11, 'enode://22@127.0.0.1:1255': 0, 'enode://23@127.0.0.1:1256': 0, 'enode://24@127.0.0.1:1257': 0, 'enode://25@127.0.0.1:1258': 0}
12 1786571864.385 684 None {'21': 1, '0': 0, '18': 205, '20': 0, '16': 0, '5': 0, '3': 0, '23': 0, '15': 0, '25': 0, '1': 0, '12': 0, '19': 0, '14': 0, '4': 0, '11': 0, '7': 0, '22': 0, '8': 0, '6': 0, '10': 0, '13': 0, '17': 0, '9': 0} {'enode://1@127.0.0.1:1234': 0, 'enode://2@127.0.0.1:1235': 0, 'enode://3@127.0.0.1:1236': -12, 'enode://4@127.0.0.1:1237': 0, 'enode://5@127.0.0.1:1238': 0, 'enode://6@127.0.0.1:1239': 0, 'enode://7@127.0.0.1:1240': 0, 'enode://8@127.0.0.1:1241': 0, 'enode://9@127.0.0.1:1242': 0, 'enode://10@127.0.0.1:1243': 0, 'enode://11@127.0.0.1:1244': 0, 'enode://12@127.0.0.1:1245': 0, 'enode://13@127.0.0.1:1246': 0, 'enode://14@127.0.0.1:1247': 0, 'enode://15@127.0.0.1:1248': 0, 'enode://16@127.0.0.1:1249': 0, 'enode://17@127.0.0.1:1250': 0, 'enode://18@127.0.0.1:1251': -11, 'enode://19@127.0.0.1:1252': 0, 'enode://20@127.0.0.1:1253': 0, 'enode://21@127.0.0.1:1254': -10, 'enode://22@127.0.0.1:1255': 0, 'enode://23@127.0.0.1:1256': 0, 'enode://24@127.0.0.1:1257': 0, 'enode://25@127.0.0.1:1258': 0}
12 1786571864.385 1005 None {'21': 1, '0': 0, '18': 205, '20': 0, '16': 0, '5': 0, '3': 476, '23': 0, '15': 0, '25': 0, '1': 0, '12': 0, '19': 0, '14': 0, '4': 0, '11': 0, '7': 0, '22': 0, '8': 0, '6': 0, '10': 0, '13': 0, '17': 0, '9': 0, '2': 0, '24': 0} {'enode://1@127.0.0.1:1234': -12, 'enode://2@127.0.0.1:1235': 0, 'enode://3@127.0.0.1:1236': -11, 'enode://4@127.0.0.1:1237': 0, 'enode://5@127.0.0.1:1238': 0, 'enode://6@127.0.0.1:1239': 0, 'enode://7@127.0.0.1:1240': 0, 'enode://8@127.0.0.1:1241': 0, 'enode://9@127.0.0.1:1242': 0, 'enode://10@127.0.0.1:1243': 0, 'enode://11@127.0.0.1:1244': 0, 'enode://12@127.0.0.1:1245': 0, 'enode://13@127.0.0.1:1246': 0, 'enode://14@127.0.0.1:1247': 0, 'enode://15@127.0.0.1:1248': 0, 'enode://16@127.0.0.1:1249': 0, 'enode://17@127.0.0.1:1250': 0, 'enode://18@127.0.0.1:1251': -10, 'enode://19@127.0.0.1:1252': 0, 'enode://20@127.0.0.1:1253': 0, 'enode://21@127.0.0.1:1254': -9, 'enode://22@127.0.0.1:1255': 0, 'enode://23@127.0.0.1:1256': 0, 'enode://24@127.0.0.1:1257': 0, 'enode://25@127.0.0.1:1258': 0}
12 1786571864.385 1336 None {'21': 1, '0': 0, '18': 205, '20': 0, '16': 0, '5': 0, '3': 476, '23': 0, '15': 0, '25': 0, '1': 320, '12': 0, '19': 0, '14': 0, '4': 0, '11': 0, '7': 0, '22': 0, '8': 0, '6': 0, '10': 0, '13': 0, '17': 0, '9': 0, '2': 0, '24': 0} {'enode://1@127.0.0.1:1234': -11, 'enode://2@127.0.0.1:1235': 0, 'enode://3@127.0.0.1:1236': -10, 'enode://4@127.0.0.1:1237': 0, 'enode://5@127.0.0.1:1238': -12, 'enode://6@127.0.0.1:1239': 0, 'enode://7@127.0.0.1:1240': 0, 'enode://8@127.0.0.1:1241': 0, 'enode://9@127.0.0.1:1242': 0, 'enode://10@127.0.0.1:1243': 0, 'enode://11@127.0.0.1:1244': 0, 'enode://12@127.0.0.1:1245': 0, 'enode://13@127.0.0.1:1246': 0, 'enode://14@127.0.0.1:1247': 0, 'enode://15@127.0.0.1:1248': 0, 'enode://16@127.0.0.1:1249': 0, 'enode://17@127.0.0.1:1250': 0, 'enode://18@127.0.0.1:1251': -9, 'enode://19@127.0.0.1:1252': 0, 'enode://20@127.0.0.1:1253': 0, 'enode://21@127.0.0.1:1254': -8, 'enode://22@127.0.0.1:1255': 0, 'enode://23@127.0.0.1:1256': 0, 'enode://24@127.0.0.1:1257': 0, 'enode://25@127.0.0.1:1258': 0}
12 1786571864.385 1615 None {'21': 1, '0': 0, '18': 205, '20': 0, '16': 0, '5': 330, '3': 476, '23': 0, '15': 0, '25': 0, '1': 320, '12': 0, '19': 0, '14': 0, '4': 0, '11': 0, '7': 0, '22': 0, '8': 0, '6': 0, '10': 0, '13': 0, '17': 0, '9': 0, '2': 0, '24': 0} {'enode://1@127.0.0.1:1234': -10, 'enode://2@127.0.0.1:1235': 0, 'enode://3@127.0.0.1:1236': -9, 'enode://4@127.0.0.1:1237': 0, 'enode://5@127.0.0.1:1238': -11, 'enode://6@127.0.0.1:1239': 0, 'enode://7@127.0.0.1:1240': 0, 'enode://8@127.0.0.1:1241': 0, 'enode://9@127.0.0.1:1242': 0, 'enode://10@127.0.0.1:1243': 0, 'enode://11@127.0.0.1:1244': 0, 'enode://12@127.0.0.1:1245': 0, 'enode://13@127.0.0.1:1246': 0, 'enode://14@127.0.0.1:1247': 0, 'enode://15@127.0.0.1:1248': 0, 'enode://16@127.0.0.1:1249': -12, 'enode://17@127.0.0.1:1250': 0, 'enode://18@127.0.0.1:1251': -8, 'enode://19@127.0.0.1:1252': 0, 'enode://20@127.0.0.1:1253': 0, 'enode://21@127.0.0.1:1254': -7, 'enode://22@127.0.0.1:1255': 0, 'enode://23@127.0.0.1:1256': 0, 'enode://24@127.0.0.1:1257': 0, 'enode://25@127.0.0.1:1258': 0}
12 1786571864.385 1729 None {'21': 1, '0': 0, '18': 205, '20': 0, '16': 278, '5': 330, '3': 476, '23': 0, '15': 0, '25': 0, '1': 320, '12': 0, '19': 0, '14': 0, '4': 0, '11': 0, '7': 0, '22': 0, '8': 0, '6': 0, '10': 0, '13': 0, '17': 0, '9': 0, '2': 0, '24': 0} {'enode://1@127.0.0.1:1234': -9, 'enode://2@127.0.0.1:1235': 0, 'enode://3@127.0.0.1:1236': -8, 'enode://4@127.0.0.1:1237': 0, 'enode://5@127.0.0.1:1238': -10, 'enode://6@127.0.0.1:1239': 0, 'enode://7@127.0.0.1:1240': 0, 'enode://8@127.0.0.1:1241': 0, 'enode://9@127.0.0.1:1242': 0, 'enode://10@127.0.0.1:1243': 0, 'enode://11@127.0.0.1:1244': 0, 'enode://12@127.0.0.1:1245': 0, 'enode://13@127.0.0.1:1246': 0, 'enode://14@127.0.0.1:1247': 0, 'enode://15@127.0.0.1:1248': 0, 'enode://16@127.0.0.1:1249': -11, 'enode://17@127.0.0.1:1250': -12, 'enode://18@127.0.0.1:1251': -7, 'enode://19@127.0.0.1:1252': 0, 'enode://20@127.0.0.1:1253': 0, 'enode://21@127.0.0.1:1254': -6, 'enode://22@127.0.0.1:1255': 0, 'enode://23@127.0.0.1:1256': 0, 'enode://24@127.0.0.1:1257': 0, 'enode://25@127.0.0.1:1258': 0}
12 1786571864.385 1841 None {'21': 1, '0': 0, '18': 205, '20': 0, '16': 278, '5': 330, '3': 476, '23': 0, '15': 0, '25': 0, '1': 320, '12': 0, '19': 0, '14': 0, '4': 0, '11': 0, '7': 0, '22': 0, '8': 0, '6': 0, '10': 0, '13': 0, '17': 113, '9': 0, '2': 0, '24': 0} {'enode://1@127.0.0.1:1234': -8, 'enode://2@127.0.0.1:1235': 0, 'enode://3@127.0.0.1:1236': -7, 'enode://4@127.0.0.1:1237': 0, 'enode://5@127.0.0.1:1238': -9, 'enode://6@127.0.0.1:1239': 0, 'enode://7@127.0.0.1:1240': -12, 'enode://8@127.0.0.1:1241': 0, 'enode://9@127.0.0.1:1242': 0, 'enode://10@127.0.0.1:1243': 0, 'enode://11@127.0.0.1:1244': 0, 'enode://12@127.0.0.1:1245': 0, 'enode://13@127.0.0.1:1246': 0, 'enode://14@127.0.0.1:1247': 0, 'enode://15@127.0.0.1:1248': 0, 'enode://16@127.0.0.1:1249': -10, 'enode://17@127.0.0.1:1250': -11, 'enode://18@127.0.0.1:1251': -6, 'enode://19@127.0.0.1:1252': 0, 'enode://20@127.0.0.1:1253': 0, 'enode://21@127.0.0.1:1254': -5, 'enode://22@127.0.0.1:1255': 0, 'enode://23@127.0.0.1:1256': 0, 'enode://24@127.0.0.1:1257': 0, 'enode://25@127.0.0.1:1258': 0}
12 1786571864.385 1947 None {'21': 1, '0': 0, '18': 205, '20': 0, '16': 278, '5': 330, '3': 476, '23': 0, '15': 0, '25': 0, '1': 320, '12': 0, '19': 0, '14': 0, '4': 0, '11': 0, '7': 111, '22': 0, '8': 0, '6': 0, '10': 0, '13': 0, '17': 113, '9': 0, '2': 0, '24': 0} {'enode://1@127.0.0.1:1234': -7, 'enode://2@127.0.0.1:1235': 0, 'enode://3@127.0.0.1:1236': -6, 'enode://4@127.0.0.1:1237': 0, 'enode://5@127.0.0.1:1238': -8, 'enode://6@127.0.0.1:1239': 0, 'enode://7@127.0.0.1:1240': -11, 'enode://8@127.0.0.1:1241': 0, 'enode://9@127.0.0.1:1242': 0, 'enode://10@127.0.0.1:1243': 0, 'enode://11@127.0.0.1:1244': 0, 'enode://12@127.0.0.1:1245': 0, 'enode://13@127.0.0.1:1246': 0, 'enode://14@127.0.0.1:1247': 0, 'enode://15@127.0.0.1:1248': 0, 'enode://16@127.0.0.1:1249': -9, 'enode://17@127.0.0.1:1250': -10, 'enode://18@127.0.0.1:1251': -5, 'enode://19@127.0.0.1:1252': -12, 'enode://20@127.0.0.1:1253': 0, 'enode://21@127.0.0.1:1254': -4, 'enode://22@127.0.0.1:1255': 0, 'enode://23@127.0.0.1:1256': 0, 'enode://24@127.0.0.1:1257': 0, 'enode://25@127.0.0.1:1258': 0}
12 1786571864.385 2270 None {'21': 1, '0': 0, '18': 205, '20': 0, '16': 278, '5': 330, '3': 476, '23': 0, '15': 0, '25': 0, '1': 320, '12': 0, '19': 105, '14': 0, '4': 0, '11': 0, '7': 111, '22': 0, '8': 0, '6': 0, '10': 0, '13': 0, '17': 113, '9': 0, '2': 0, '24': 0} {'enode://1@127.0.0.1:1234': -6, 'enode://2@127.0.0.1:1235': 0, 'enode://3@127.0.0.1:1236': -5, 'enode://4@127.0.0.1:1237': 0, 'enode://5@127.0.0.1:1238': -7, 'enode://6@127.0.0.1:1239': 0, 'enode://7@127.0.0.1:1240': -10, 'enode://8@127.0.0.1:1241': 0, 'enode://9@127.0.0.1:1242': 0, 'enode://10@127.0.0.1:1243': 0, 'enode://11@127.0.0.1:1244': 0, 'enode://12@127.0.0.1:1245': 0, 'enode://13@127.0.0.1:1246': 0, 'enode://14@127.0.0.1:1247': 0, 'enode://15@127.0.0.1:1248': 0, 'enode://16@127.0.0.1:1249': -8, 'enode://17@127.0.0.1:1250': -9, 'enode://18@127.0.0.1:1251': -4, 'enode://19@127.0.0.1:1252': -11, 'enode://20@127.0.0.1:1253': 0, 'enode://21@127.0.0.1:1254': -3, 'enode://22@127.0.0.1:1255': -12, 'enode://23@127.0.0.1:1256': 0, 'enode://24@127.0.0.1:1257': 0, 'enode://25@127.0.0.1:1258': 0}
12 1786571864.385 2625 None {'21': 1, '0': 0, '18': 205, '20': 0, '16': 278, '5': 330, '3': 476, '23': 0, '15': 0, '25': 0, '1': 320, '12': 0, '19': 105, '14': 0, '4': 0, '11': 0, '7': 111, '22': 322, '8': 0, '6': 0, '10': 0, '13': 0, '17': 113, '9': 0, '2': 0, '24': 0} {'enode://1@127.0.0.1:1234': -5, 'enode://2@127.0.0.1:1235': 0, 'enode://3@127.0.0.1:1236': -4, 'enode://4@127.0.0.1:1237': 0, 'enode://5@127.0.0.1:1238': -6, 'enode://6@127.0.0.1:1239': 0, 'enode://7@127.0.0.1:1240': -9, 'enode://8@127.0.0.1:1241': 0, 'enode://9@127.0.0.1:1242': 0, 'enode://10@127.0.0.1:1243': 0, 'enode://11@127.0.0.1:1244': 0, 'enode://12@127.0.0.1:1245': 0, 'enode://13@127.0.0.1:1246': 0, 'enode://14@127.0.0.1:1247': 0, 'enode://15@127.0.0.1:1248': 0, 'enode://16@127.0.0.1:1249': -7, 'enode://17@127.0.0.1:1250': -8, 'enode://18@127.0.0.1:1251': -3, 'enode://19@127.0.0.1:1252': -10, 'enode://20@127.0.0.1:1253': 0, 'enode://21@127.0.0.1:1254': -2, 'enode://22@127.0.0.1:1255': -11, 'enode://23@127.0.0.1:1256': -12, 'enode://24@127.0.0.1:1257': 0, 'enode://25@127.0.0.1:1258': 0}
12 1786571864.385 2756 None {'21': 1, '0': 0, '18': 205, '20': 0, '16': 278, '5': 330, '3': 476, '23': 354, '15': 0, '25': 0, '1': 320, '12': 0, '19': 105, '14': 0, '4': 0, '11': 0, '7': 111, '22': 322, '8': 0, '6': 0, '10': 0, '13': 0, '17': 113, '9': 0, '2': 0, '24': 0} {'enode://1@127.0.0.1:1234': -4, 'enode://2@127.0.0.1:1235': 0, 'enode://3@127.0.0.1:1236': -3, 'enode://4@127.0.0.1:1237': 0, 'enode://5@127.0.0.1:1238': -5, 'enode://6@127.0.0.1:1239': 0, 'enode://7@127.0.0.1:1240': -8, 'enode://8@127.0.0.1:1241': 0, 'enode://9@127.0.0.1:1242': 0, 'enode://10@127.0.0.1:1243': 0, 'enode://11@127.0.0.1:1244': 0, 'enode://12@127.0.0.1:1245': 0, 'enode://13@127.0.0.1:1246': 0, 'enode://14@127.0.0.1:1247': 0, 'enode://15@127.0.0.1:1248': 0, 'enode://16@127.0.0.1:1249': -6, 'enode://17@127.0.0.1:1250': -7, 'enode://18@127.0.0.1:1251': -2, 'enode://19@127.0.0.1:1252': -9, 'enode://20@127.0.0.1:1253': -12, 'enode://21@127.0.0.1:1254': -1, 'enode://22@127.0.0.1:1255': -10, 'enode://23@127.0.0.1:1256': -11, 'enode://24@127.0.0.1:1257': 0, 'enode://25@127.0.0.1:1258': 0}
12 1786571864.386 3076 None {'21': 1, '0': 0, '18': 205, '20': 130, '16': 278, '5': 330, '3': 476, '23': 354, '15': 0, '25': 0, '1': 320, '12': 0, '19': 105, '14': 0, '4': 0, '11': 0, '7': 111, '22': 322, '8': 0, '6': 0, '10': 0, '13': 0, '17': 113, '9': 0, '2': 0, '24': 0} {'enode://1@127.0.0.1:1234': -3, 'enode://2@127.0.0.1:1235': 0, 'enode://3@127.0.0.1:1236': -2, 'enode://4@127.0.0.1:1237': 0, 'enode://5@127.0.0.1:1238': -4, 'enode://6@127.0.0.1:1239': 0, 'enode://7@127.0.0.1:1240': -7, 'enode://8@127.0.0.1:1241': 0, 'enode://9@127.0.0.1:1242': -12, 'enode://10@127.0.0.1:1243': 0, 'enode://11@127.0.0.1:1244': 0, 'enode://12@127.0.0.1:1245': 0, 'enode://13@127.0.0.1:1246': 0, 'enode://14@127.0.0.1:1247': 0, 'enode://15@127.0.0.1:1248': 0, 'enode://16@127.0.0.1:1249': -5, 'enode://17@127.0.0.1:1250': -6, 'enode://18@127.0.0.1:1251': -1, 'enode://19@127.0.0.1:1252': -8, 'enode://20@127.0.0.1:1253': -11, 'enode://21@127.0.0.1:1254': 0, 'enode://22@127.0.0.1:1255': -9, 'enode://23@127.0.0.1:1256': -10, 'enode://24@127.0.0.1:1257': 0, 'enode://25@127.0.0.1:1258': 0}
12 1786571864.386 3184 None {'21': 1, '0': 0, '18': 205, '20': 130, '16': 278, '5': 330, '3': 476, '23': 354, '15': 0, '25': 0, '1': 320, '12': 0, '19': 105, '14': 0, '4': 0, '11': 0, '7': 111, '22': 322, '8': 0, '6': 0, '10': 0, '13': 0, '17': 113, '9': 319, '2': 0, '24': 0} {'enode://1@127.0.0.1:1234': -2, 'enode://2@127.0.0.1:1235': 0, 'enode://3@127.0.0.1:1236': -1, 'enode://4@127.0.0.1:1237': -12, 'enode://5@127.0.0.1:1238': -3, 'enode://6@127.0.0.1:1239': 0, 'enode://7@127.0.0.1:1240': -6, 'enode://8@127.0.0.1:1241': 0, 'enode://9@127.0.0.1:1242': -11, 'enode://10@127.0.0.1:1243': 0, 'enode://11@127.0.0.1:1244': 0, 'enode://12@127.0.0.1:1245': 0, 'enode://13@127.0.0.1:1246': 0, 'enode://14@127.0.0.1:1247': 0, 'enode://15@127.0.0.1:1248': 0, 'enode://16@127.0.0.1:1249': -4, 'enode://17@127.0.0.1:1250': -5, 'enode://18@127.0.0.1:1251': 0, 'enode://19@127.0.0.1:1252': -7, 'enode://20@127.0.0.1:1253': -10, 'enode://21@127.0.0.1:1254': 0, 'enode://22@127.0.0.1:1255': -8, 'enode://23@127.0.0.1:1256': -9, 'enode://24@127.0.0.1:1257': 0, 'enode://25@127.0.0.1:1258': 0}
12 1786571864.386 3617 None {'21': 1, '0': 0, '18': 205, '20': 130, '16': 278, '5': 330, '3': 476, '23': 354, '15': 0, '25': 0, '1': 320, '12': 0, '19': 105, '14': 0, '4': 107, '11': 0, '7': 111, '22': 322, '8': 0, '6': 0, '10': 0, '13': 0, '17': 113, '9': 319, '2': 0, '24': 0} {'enode://1@127.0.0.1:1234': -1, 'enode://2@127.0.0.1:1235': 0, 'enode://3@127.0.0.1:1236': 0, 'enode://4@127.0.0.1:1237': -11, 'enode://5@127.0.0.1:1238': -2, 'enode://6@127.0.0.1:1239': 0, 'enode://7@127.0.0.1:1240': -5, 'enode://8@127.0.0.1:1241': 0, 'enode://9@127.0.0.1:1242': -10, 'enode://10@127.0.0.1:1243': -12, 'enode://11@127.0.0.1:1244': 0, 'enode://12@127.0.0.1:1245': 0, 'enode://13@127.0.0.1:1246': 0, 'enode://14@127.0.0.1:1247': 0, 'enode://15@127.0.0.1:1248': 0, 'enode://16@127.0.0.1:1249': -3, 'enode://17@127.0.0.1:1250': -4, 'enode://18@127.0.0.1:1251': 0, 'enode://19@127.0.0.1:1252': -6, 'enode://20@127.0.0.1:1253': -9, 'enode://21@127.0.0.1:1254': 0, 'enode://22@127.0.0.1:1255': -7, 'enode://23@127.0.0.1:1256': -8, 'enode://24@127.0.0.1:1257': 0, 'enode://25@127.0.0.1:1258': 0}
12 1786571864.386 3760 None {'21': 1, '0': 0, '18': 205, '20': 130, '16': 278, '5': 330, '3': 476, '23': 354, '15': 0, '25': 0, '1': 320, '12': 0, '19': 105, '14': 0, '4': 107, '11': 0, '7': 111, '22': 322, '8': 0, '6': 0, '10': 432, '13': 0, '17': 113, '9': 319, '2': 0, '24': 0} {'enode://1@127.0.0.1:1234': 0, 'enode://2@127.0.0.1:1235': 0, 'enode://3@127.0.0.1:1236': 0, 'enode://4@127.0.0.1:1237': -10, 'enode://5@127.0.0.1:1238': -1, 'enode://6@127.0.0.1:1239': 0, 'enode://7@127.0.0.1:1240': -4, 'enode://8@127.0.0.1:1241': 0, 'enode://9@127.0.0.1:1242': -9, 'enode://10@127.0.0.1:1243': -11, 'enode://11@127.0.0.1:1244': 0, 'enode://12@127.0.0.1:1245': 0, 'enode://13@127.0.0.1:1246': 0, 'enode://14@127.0.0.1:1247': -12, 'enode://15@127.0.0.1:1248': 0, 'enode://16@127.0.0.1:1249': -2, 'enode://17@127.0.0.1:1250': -3, 'enode://18@127.0.0.1:1251': 0, 'enode://19@127.0.0.1:1252': -5, 'enode://20@127.0.0.1:1253': -8, 'enode://21@127.0.0.1:1254': 0, 'enode://22@127.0.0.1:1255': -6, 'enode://23@127.0.0.1:1256': -7, 'enode://24@127.0.0.1:1257': 0, 'enode://25@127.0.0.1:1258': 0}
12 1786571864.386 4268 None {'21': 1, '0': 0, '18': 205, '20': 130, '16': 278, '5': 330, '3': 476, '23': 354, '15': 0, '25': 0, '1': 320, '12': 0, '19': 105, '14': 142, '4': 107, '11': 0, '7': 111, '22': 322, '8': 0, '6': 0, '10': 432, '13': 0, '17': 113, '9': 319, '2': 0, '24': 0} {'enode://1@127.0.0.1:1234': 0, 'enode://2@127.0.0.1:1235': 0, 'enode://3@127.0.0.1:1236': 0, 'enode://4@127.0.0.1:1237': -9, 'enode://5@127.0.0.1:1238': 0, 'enode://6@127.0.0.1:1239': 0, 'enode://7@127.0.0.1:1240': -3, 'enode://8@127.0.0.1:1241': -12, 'enode://9@127.0.0.1:1242': -8, 'enode://10@127.0.0.1:1243': -10, 'enode://11@127.0.0.1:1244': 0, 'enode://12@127.0.0.1:1245': 0, 'enode://13@127.0.0.1:1246': 0, 'enode://14@127.0.0.1:1247': -11, 'enode://15@127.0.0.1:1248': 0, 'enode://16@127.0.0.1:1249': -1, 'enode://17@127.0.0.1:1250': -2, 'enode://18@127.0.0.1:1251': 0, 'enode://19@127.0.0.1:1252': -4, 'enode://20@127.0.0.1:1253': -7, 'enode://21@127.0.0.1:1254': 0, 'enode://22@127.0.0.1:1255': -5, 'enode://23@127.0.0.1:1256': -6, 'enode://24@127.0.0.1:1257': 0, 'enode://25@127.0.0.1:1258': 0}
12 1786571864.386 4315 None {'21': 1, '0': 0, '18': 205, '20': 130, '16': 278, '5': 330, '3': 476, '23': 354, '15': 0, '25': 0, '1': 320, '12': 0, '19': 105, '14': 142, '4': 107, '11': 0, '7': 111, '22': 322, '8': 507, '6': 0, '10': 432, '13': 0, '17': 113, '9': 319, '2': 0, '24': 0} {'enode://1@127.0.0.1:1234': 0, 'enode://2@127.0.0.1:1235': 0, 'enode://3@127.0.0.1:1236': 0, 'enode://4@127.0.0.1:1237': -8, 'enode://5@127.0.0.1:1238': 0, 'enode://6@127.0.0.1:1239': 0, 'enode://7@127.0.0.1:1240': -2, 'enode://8@127.0.0.1:1241': -11, 'enode://9@127.0.0.1:1242': -7, 'enode://10@127.0.0.1:1243': -9, 'enode://11@127.0.0.1:1244': -12, 'enode://12@127.0.0.1:1245': 0, 'enode://13@127.0.0.1:1246': 0, 'enode://14@127.0.0.1:1247': -10, 'enode://15@127.0.0.1:1248': 0, 'enode://16@127.0.0.1:1249': 0, 'enode://17@127.0.0.1:1250': -1, 'enode://18@127.0.0.1:1251': 0, 'enode://19@127.0.0.1:1252': -3, 'enode://20@127.0.0.1:1253': -6, 'enode://21@127.0.0.1:1254': 0, 'enode://22@127.0.0.1:1255': -4, 'enode://23@127.0.0.1:1256': -5, 'enode://24@127.0.0.1:1257': 0, 'enode://25@127.0.0.1:1258': 0}
12 1786571864.386 4639 None {'21': 1, '0': 0, '18': 205, '20': 130, '16': 278, '5': 330, '3': 476, '23': 354, '15': 0, '25': 0, '1': 320, '12': 0, '19': 105, '14': 142, '4': 107, '11': 46, '7': 111, '22': 322, '8': 507, '6': 0, '10': 432, '13': 0, '17': 113, '9': 319, '2': 0, '24': 0} {'enode://1@127.0.0.1:1234': 0, 'enode://2@127.0.0.1:1235': 0, 'enode://3@127.0.0.1:1236': 0, 'enode://4@127.0.0.1:1237': -7, 'enode://5@127.0.0.1:1238': 0, 'enode://6@127.0.0.1:1239': -12, 'enode://7@127.0.0.1:1240': -1, 'enode://8@127.0.0.1:1241': -10, 'enode://9@127.0.0.1:1242': -6, 'enode://10@127.0.0.1:1243': -8, 'enode://11@127.0.0.1:1244': -11, 'enode://12@127.0.0.1:1245': 0, 'enode://13@127.0.0.1:1246': 0, 'enode://14@127.0.0.1:1247': -9, 'enode://15@127.0.0.1:1248': 0, 'enode://16@127.0.0.1:1249': 0, 'enode://17@127.0.0.1:1250': 0, 'enode://18@127.0.0.1:1251': 0, 'enode://19@127.0.0.1:1252': -2, 'enode://20@127.0.0.1:1253': -5, 'enode://21@127.0.0.1:1254': 0, 'enode://22@127.0.0.1:1255': -3, 'enode://23@127.0.0.1:1256': -4, 'enode://24@127.0.0.1:1257': 0, 'enode://25@127.0.0.1:1258': 0}
12 1786571864.386 4910 None {'21': 1, '0': 0, '18': 205, '20': 130, '16': 278, '5': 330, '3': 476, '23': 354, '15': 0, '25': 0, '1': 320, '12': 0, '19': 105, '14': 142, '4': 107, '11': 46, '7': 111, '22': 322, '8': 507, '6': 323, '10': 432, '13': 0, '17': 113, '9': 319, '2': 0, '24': 0} {'enode://1@127.0.0.1:1234': 0, 'enode://2@127.0.0.1:1235': 0, 'enode://3@127.0.0.1:1236': 0, 'enode://4@127.0.0.1:1237': -6, 'enode://5@127.0.0.1:1238': 0, 'enode://6@127.0.0.1:1239': -11, 'enode://7@127.0.0.1:1240': 0, 'enode://8@127.0.0.1:1241': -9, 'enode://9@127.0.0.1:1242': -5, 'enode://10@127.0.0.1:1243': -7, 'enode://11@127.0.0.1:1244': -10, 'enode://12@127.0.0.1:1245': 0, 'enode://13@127.0.0.1:1246': 0, 'enode://14@127.0.0.1:1247': -8, 'enode://15@127.0.0.1:1248': 0, 'enode://16@127.0.0.1:1249': -12, 'enode://17@127.0.0.1:1250': 0, 'enode://18@127.0.0.1:1251': 0, 'enode://19@127.0.0.1:1252': -1, 'enode://20@127.0.0.1:1253': -4, 'enode://21@127.0.0.1:1254': 0, 'enode://22@127.0.0.1:1255': -2, 'enode://23@127.0.0.1:1256': -3, 'enode://24@127.0.0.1:1257': 0, 'enode://25@127.0.0.1:1258': 0}
12 1786571864.386 5380 None {'21': 1, '0': 0, '18': 205, '20': 130, '16': 548, '5': 330, '3': 476, '23': 354, '15': 0, '25': 0, '1': 320, '12': 0, '19': 105, '14': 142, '4': 107, '11': 46, '7': 111, '22': 322, '8': 507, '6': 323, '10': 432, '13': 0, '17': 113, '9': 319, '2': 0, '24': 0} {'enode://1@127.0.0.1:1234': 0, 'enode://2@127.0.0.1:1235': 0, 'enode://3@127.0.0.1:1236': 0, 'enode://4@127.0.0.1:1237': -5, 'enode://5@127.0.0.1:1238': 0, 'enode://6@127.0.0.1:1239': -10, 'enode://7@127.0.0.1:1240': -12, 'enode://8@127.0.0.1:1241': -8, 'enode://9@127.0.0.1:1242': -4, 'enode://10@127.0.0.1:1243': -6, 'enode://11@127.0.0.1:1244': -9, 'enode://12@127.0.0.1:1245': 0, 'enode://13@127.0.0.1:1246': 0, 'enode://14@127.0.0.1:1247': -7, 'enode://15@127.0.0.1:1248': 0, 'enode://16@127.0.0.1:1249': -11, 'enode://17@127.0.0.1:1250': 0, 'enode://18@127.0.0.1:1251': 0, 'enode://19@127.0.0.1:1252': 0, 'enode://20@127.0.0.1:1253': -3, 'enode://21@127.0.0.1:1254': 0, 'enode://22@127.0.0.1:1255': -1, 'enode://23@127.0.0.1:1256': -2, 'enode://24@127.0.0.1:1257': 0, 'enode://25@127.0.0.1:1258': 0}
12 1786571864.386 5654 None {'21': 1, '0': 0, '18': 205, '20': 130, '16': 548, '5': 330, '3': 476, '23': 354, '15': 0, '25': 0, '1': 320, '12': 0, '19': 105, '14': 142, '4': 107, '11': 46, '7': 580, '22': 322, '8': 507, '6': 323, '10': 432, '13': 0, '17': 113, '9': 319, '2': 0, '24': 0} {'enode://1@127.0.0.1:1234': 0, 'enode://2@127.0.0.1:1235': 0, 'enode://3@127.0.0.1:1236': 0, 'enode://4@127.0.0.1:1237': -4, 'enode://5@127.0.0.1:1238': 0, 'enode://6@127.0.0.1:1239': -9, 'enode://7@127.0.0.1:1240': -11, 'enode://8@127.0.0.1:1241': -7, 'enode://9@127.0.0.1:1242': -3, 'enode://10@127.0.0.1:1243': -5, 'enode://11@127.0.0.1:1244': -8, 'enode://12@127.0.0.1:1245': 0, 'enode://13@127.0.0.1:1246': 0, 'enode://14@127.0.0.1:1247': -6, 'enode://15@127.0.0.1:1248': 0, 'enode://16@127.0.0.1:1249': -10, 'enode://17@127.0.0.1:1250': 0, 'enode://18@127.0.0.1:1251': 0, 'enode://19@127.0.0.1:1252': 0, 'enode://20@127.0.0.1:1253': -2, 'enode://21@127.0.0.1:1254': -12, 'enode://22@127.0.0.1:1255': 0, 'enode://23@127.0.0.1:1256': -1, 'enode://24@127.0.0.1:1257': 0, 'enode://25@127.0.0.1:1258': 0}
12 1786571864.386 5679 None {'21': 274, '0': 0, '18': 205, '20': 130, '16': 548, '5': 330, '3': 476, '23': 354, '15': 0, '25': 0, '1': 320, '12': 0, '19': 105, '14': 142, '4': 107, '11': 46, '7': 580, '22': 322, '8': 507, '6': 323, '10': 432, '13': 0, '17': 113, '9': 319, '2': 0, '24': 0} {'enode://1@127.0.0.1:1234': 0, 'enode://2@127.0.0.1:1235': 0, 'enode://3@127.0.0.1:1236': 0, 'enode://4@127.0.0.1:1237': -3, 'enode://5@127.0.0.1:1238': 0, 'enode://6@127.0.0.1:1239': -8, 'enode://7@127.0.0.1:1240': -10, 'enode://8@127.0.0.1:1241': -6, 'enode://9@127.0.0.1:1242': -2, 'enode://10@127.0.0.1:1243': -4, 'enode://11@127.0.0.1:1244': -7, 'enode://12@127.0.0.1:1245': 0, 'enode://13@127.0.0.1:1246': 0, 'enode://14@127.0.0.1:1247': -5, 'enode://15@127.0.0.1:1248': 0, 'enode://16@127.0.0.1:1249': -9, 'enode://17@127.0.0.1:1250': 0, 'enode://18@127.0.0.1:1251': 0, 'enode://19@127.0.0.1:1252': 0, 'enode://20@127.0.0.1:1253': -1, 'enode://21@127.0.0.1:1254': -11, 'enode://22@127.0.0.1:1255': -12, 'enode://23@127.0.0.1:1256': 0, 'enode://24@127.0.0.1:1257': 0, 'enode://25@127.0.0.1:1258': 0}
12 1786571864.386 5749 None {'21': 274, '0': 0, '18': 205, '20': 130, '16': 548, '5': 330, '3': 476, '23': 354, '15': 0, '25': 0, '1': 320, '12': 0, '19': 105, '14': 142, '4': 107, '11': 46, '7': 580, '22': 346, '8': 507, '6': 323, '10': 432, '13': 0, '17': 113, '9': 319, '2': 0, '24': 0} {'enode://1@127.0.0.1:1234': 0, 'enode://2@127.0.0.1:1235': 0, 'enode://3@127.0.0.1:1236': 0, 'enode://4@127.0.0.1:1237': -2, 'enode://5@127.0.0.1:1238': 0, 'enode://6@127.0.0.1:1239': -7, 'enode://7@127.0.0.1:1240': -9, 'enode://8@127.0.0.1:1241': -5, 'enode://9@127.0.0.1:1242': -1, 'enode://10@127.0.0.1:1243': -3, 'enode://11@127.0.0.1:1244': -6, 'enode://12@127.0.0.1:1245': 0, 'enode://13@127.0.0.1:1246': 0, 'enode://14@127.0.0.1:1247': -4, 'enode://15@127.0.0.1:1248': 0, 'enode://16@127.0.0.1:1249': -8, 'enode://17@127.0.0.1:1250': 0, 'enode://18@127.0.0.1:1251': 0, 'enode://19@127.0.0.1:1252': 0, 'enode://20@127.0.0.1:1253': 0, 'enode://21@127.0.0.1:1254': -10, 'enode://22@127.0.0.1:1255': -11, 'enode://23@127.0.0.1:1256': 0, 'enode://24@127.0.0.1:1257': 0, 'enode://25@127.0.0.1:1258': -12}
12 1786571864.386 5894 None {'21': 274, '0': 0, '18': 205, '20': 130, '16': 548, '5': 330, '3': 476, '23': 354, '15': 0, '25': 69, '1': 320, '12': 0, '19': 105, '14': 142, '4': 107, '11': 46, '7': 580, '22': 346, '8': 507, '6': 323, '10': 432, '13': 0, '17': 113, '9': 319, '2': 0, '24': 0} {'enode://1@127.0.0.1:1234': 0, 'enode://2@127.0.0.1:1235': 0, 'enode://3@127.0.0.1:1236': 0, 'enode://4@127.0.0.1:1237': -1, 'enode://5@127.0.0.1:1238': 0, 'enode://6@127.0.0.1:1239': -6, 'enode://7@127.0.0.1:1240': -8, 'enode://8@127.0.0.1:1241': -4, 'enode://9@127.0.0.1:1242': 0, 'enode://10@127.0.0.1:1243': -2, 'enode://11@127.0.0.1:1244': -5, 'enode://12@127.0.0.1:1245': 0, 'enode://13@127.0.0.1:1246': -12, 'enode://14@127.0.0.1:1247': -3, 'enode://15@127.0.0.1:1248': 0, 'enode://16@127.0.0.1:1249': -7, 'enode://17@127.0.0.1:1250': 0, 'enode://18@127.0.0.1:1251': 0, 'enode://19@127.0.0.1:1252': 0, 'enode://20@127.0.0.1:1253': 0, 'enode://21@127.0.0.1:1254': -9, 'enode://22@127.0.0.1:1255': -10, 'enode://23@127.0.0.1:1256': 0, 'enode://24@127.0.0.1:1257': 0, 'enode://25@127.0.0.1:1258': -11}
12 1786571864.387 5962 None {'21': 274, '0': 0, '18': 205, '20': 130, '16': 548, '5': 330, '3': 476, '23': 354, '15': 0, '25': 69, '1': 320, '12': 0, '19': 105, '14': 142, '4': 107, '11': 46, '7': 580, '22': 346, '8': 507, '6': 323, '10': 432, '13': 144, '17': 113, '9': 319, '2': 0, '24': 0} {'enode://1@127.0.0.1:1234': 0, 'enode://2@127.0.0.1:1235': 0, 'enode://3@127.0.0.1:1236': 0, 'enode://4@127.0.0.1:1237': 0, 'enode://5@127.0.0.1:1238': 0, 'enode://6@127.0.0.1:1239': -5, 'enode://7@127.0.0.1:1240': -7, 'enode://8@127.0.0.1:1241': -3, 'enode://9@127.0.0.1:1242': 0, 'enode://10@127.0.0.1:1243': -1, 'enode://11@127.0.0.1:1244': -4, 'enode://12@127.0.0.1:1245': 0, 'enode://13@127.0.0.1:1246': -11, 'enode://14@127.0.0.1:1247': -2, 'enode://15@127.0.0.1:1248': 0, 'enode://16@127.0.0.1:1249': -6, 'enode://17@127.0.0.1:1250': 0, 'enode://18@127.0.0.1:1251': 0, 'enode://19@127.0.0.1:1252': 0, 'enode://20@127.0.0.1:1253': 0, 'enode://21@127.0.0.1:1254': -8, 'enode://22@127.0.0.1:1255': -9, 'enode://23@127.0.0.1:1256': -12, 'enode://24@127.0.0.1:1257': 0, 'enode://25@127.0.0.1:1258': -10}
12 1786571864.387 6885 None {'21': 274, '0': 0, '18': 205, '20': 130, '16': 548, '5': 330, '3': 476, '23': 421, '15': 0, '25': 69, '1': 320, '12': 0, '19': 105, '14': 142, '4': 107, '11': 46, '7': 580, '22': 346, '8': 507, '6': 323, '10': 432, '13': 144, '17': 113, '9': 319, '2': 0, '24': 0} {'enode://1@127.0.0.1:1234': 0, 'enode://2@127.0.0.1:1235': 0, 'enode://3@127.0.0.1:1236': 0, 'enode://4@127.0.0.1:1237': 0, 'enode://5@127.0.0.1:1238': 0, 'enode://6@127.0.0.1:1239': -4, 'enode://7@127.0.0.1:1240': -6, 'enode://8@127.0.0.1:1241': -2, 'enode://9@127.0.0.1:1242': 0, 'enode://10@127.0.0.1:1243': 0, 'enode://11@127.0.0.1:1244': -3, 'enode://12@127.0.0.1:1245': 0, 'enode://13@127.0.0.1:1246': -10, 'enode://14@127.0.0.1:1247': -1, 'enode://15@127.0.0.1:1248': 0, 'enode://16@127.0.0.1:1249': -5, 'enode://17@127.0.0.1:1250': 0, 'enode://18@127.0.0.1:1251': 0, 'enode://19@127.0.0.1:1252': 0, 'enode://20@127.0.0.1:1253': -12, 'enode://21@127.0.0.1:1254': -7, 'enode://22@127.0.0.1:1255': -8, 'enode://23@127.0.0.1:1256': -11, 'enode://24@127.0.0.1:1257': 0, 'enode://25@127.0.0.1:1258': -9}
12 1786571864.387 7397 None {'21': 274, '0': 0, '18': 205, '20': 1052, '16': 548, '5': 330, '3': 476, '23': 421, '15': 0, '25': 69, '1': 320, '12': 0, '19': 105, '14': 142, '4': 107, '11': 46, '7': 580, '22': 346, '8': 507, '6': 323, '10': 432, '13': 144, '17': 113, '9': 319, '2': 0, '24': 0} {'enode://1@127.0.0.1:1234': 0, 'enode://2@127.0.0.1:1235': 0, 'enode://3@127.0.0.1:1236': 0, 'enode://4@127.0.0.1:1237': 0, 'enode://5@127.0.0.1:1238': -12, 'enode://6@127.0.0.1:1239': -3, 'enode://7@127.0.0.1:1240': -5, 'enode://8@127.0.0.1:1241': -1, 'enode://9@127.0.0.1:1242': 0, 'enode://10@127.0.0.1:1243': 0, 'enode://11@127.0.0.1:1244': -2, 'enode://12@127.0.0.1:1245': 0, 'enode://13@127.0.0.1:1246': -9, 'enode://14@127.0.0.1:1247': 0, 'enode://15@127.0.0.1:1248': 0, 'enode://16@127.0.0.1:1249': -4, 'enode://17@127.0.0.1:1250': 0, 'enode://18@127.0.0.1:1251': 0, 'enode://19@127.0.0.1:1252': 0, 'enode://20@127.0.0.1:1253': -11, 'enode://21@127.0.0.1:1254': -6, 'enode://22@127.0.0.1:1255': -7, 'enode://23@127.0.0.1:1256': -10, 'enode://24@127.0.0.1:1257': 0, 'enode://25@127.0.0.1:1258': -8}
12 1786571864.387 7479 None {'21': 274, '0': 0, '18': 205, '20': 1052, '16': 548, '5': 841, '3': 476, '23': 421, '15': 0, '25': 69, '1': 320, '12': 0, '19': 105, '14': 142, '4': 107, '11': 46, '7': 580, '22': 346, '8': 507, '6': 323, '10': 432, '13': 144, '17': 113, '9': 319, '2': 0, '24': 0} {'enode://1@127.0.0.1:1234': 0, 'enode://2@127.0.0.1:1235': 0, 'enode://3@127.0.0.1:1236': -12, 'enode://4@127.0.0.1:1237': 0, 'enode://5@127.0.0.1:1238': -11, 'enode://6@127.0.0.1:1239': -2, 'enode://7@127.0.0.1:1240': -4, 'enode://8@127.0.0.1:1241': 0, 'enode://9@127.0.0.1:1242': 0, 'enode://10@127.0.0.1:1243': 0, 'enode://11@127.0.0.1:1244': -1, 'enode://12@127.0.0.1:1245': 0, 'enode://13@127.0.0.1:1246': -8, 'enode://14@127.0.0.1:1247': 0, 'enode://15@127.0.0.1:1248': 0, 'enode://16@127.0.0.1:1249': -3, 'enode://17@127.0.0.1:1250': 0, 'enode://18@127.0.0.1:1251': 0, 'enode://19@127.0.0.1:1252': 0, 'enode://20@127.0.0.1:1253': -10, 'enode://21@127.0.0.1:1254': -5, 'enode://22@127.0.0.1:1255': -6, 'enode://23@127.0.0.1:1256': -9, 'enode://24@127.0.0.1:1257': 0, 'enode://25@127.0.0.1:1258': -7}
12 1786571864.387 7532 None {'21': 274, '0': 0, '18': 205, '20': 1052, '16': 548, '5': 841, '3': 557, '23': 421, '15': 0, '25': 69, '1': 320, '12': 0, '19': 105, '14': 142, '4': 107, '11': 46, '7': 580, '22': 346, '8': 507, '6': 323, '10': 432, '13': 144, '17': 113, '9': 319, '2': 0, '24': 0} {'enode://1@127.0.0.1:1234': 0, 'enode://2@127.0.0.1:1235': 0, 'enode://3@127.0.0.1:1236': -11, 'enode://4@127.0.0.1:1237': 0, 'enode://5@127.0.0.1:1238': -10, 'enode://6@127.0.0.1:1239': -1, 'enode://7@127.0.0.1:1240': -3, 'enode://8@127.0.0.1:1241': 0, 'enode://9@127.0.0.1:1242': 0, 'enode://10@127.0.0.1:1243': -12, 'enode://11@127.0.0.1:1244': 0, 'enode://12@127.0.0.1:1245': 0, 'enode://13@127.0.0.1:1246': -7, 'enode://14@127.0.0.1:1247': 0, 'enode://15@127.0.0.1:1248': 0, 'enode://16@127.0.0.1:1249': -2, 'enode://17@127.0.0.1:1250': 0, 'enode://18@127.0.0.1:1251': 0, 'enode://19@127.0.0.1:1252': 0, 'enode://20@127.0.0.1:1253': -9, 'enode://21@127.0.0.1:1254': -4, 'enode://22@127.0.0.1:1255': -5, 'enode://23@127.0.0.1:1256': -8, 'enode://24@127.0.0.1:1257': 0, 'enode://25@127.0.0.1:1258': -6}
12 1786571864.387 8798 None {'21': 274, '0': 0, '18': 205, '20': 1052, '16': 548, '5': 841, '3': 557, '23': 421, '15': 0, '25': 69, '1': 320, '12': 0, '19': 105, '14': 142, '4': 107, '11': 46, '7': 580, '22': 346, '8': 507, '6': 323, '10': 484, '13': 144, '17': 113, '9': 319, '2': 0, '24': 0} {'enode://1@127.0.0.1:1234': -12, 'enode://2@127.0.0.1:1235': 0, 'enode://3@127.0.0.1:1236': -10, 'enode://4@127.0.0.1:1237': 0, 'enode://5@127.0.0.1:1238': -9, 'enode://6@127.0.0.1:1239': 0, 'enode://7@127.0.0.1:1240': -2, 'enode://8@127.0.0.1:1241': 0, 'enode://9@127.0.0.1:1242': 0, 'enode://10@127.0.0.1:1243': -11, 'enode://11@127.0.0.1:1244': 0, 'enode://12@127.0.0.1:1245': 0, 'enode://13@127.0.0.1:1246': -6, 'enode://14@127.0.0.1:1247': 0, 'enode://15@127.0.0.1:1248': 0, 'enode://16@127.0.0.1:1249': -1, 'enode://17@127.0.0.1:1250': 0, 'enode://18@127.0.0.1:1251': 0, 'enode://19@127.0.0.1:1252': 0, 'enode://20@127.0.0.1:1253': -8, 'enode://21@127.0.0.1:1254': -3, 'enode://22@127.0.0.1:1255': -4, 'enode://23@127.0.0.1:1256': -7, 'enode://24@127.0.0.1:1257': 0, 'enode://25@127.0.0.1:1258': -5}
12 1786571864.387 8889 None {'21': 274, '0': 0, '18': 205, '20': 1052, '16': 548, '5': 841, '3': 557, '23': 421, '15': 0, '25': 69, '1': 1585, '12': 0, '19': 105, '14': 142, '4': 107, '11': 46, '7': 580, '22': 346, '8': 507, '6': 323, '10': 484, '13': 144, '17': 113, '9': 319, '2': 0, '24': 0} {'enode://1@127.0.0.1:1234': -11, 'enode://2@127.0.0.1:1235': 0, 'enode://3@127.0.0.1:1236': -9, 'enode://4@127.0.0.1:1237': 0, 'enode://5@127.0.0.1:1238': -8, 'enode://6@127.0.0.1:1239': 0, 'enode://7@127.0.0.1:1240': -1, 'enode://8@127.0.0.1:1241': 0, 'enode://9@127.0.0.1:1242': 0, 'enode://10@127.0.0.1:1243': -10, 'enode://11@127.0.0.1:1244': 0, 'enode://12@127.0.0.1:1245': 0, 'enode://13@127.0.0.1:1246': -5, 'enode://14@127.0.0.1:1247': 0, 'enode://15@127.0.0.1:1248': 0, 'enode://16@127.0.0.1:1249': 0, 'enode://17@127.0.0.1:1250': 0, 'enode://18@127.0.0.1:1251': 0, 'enode://19@127.0.0.1:1252': -12, 'enode://20@127.0.0.1:1253': -7, 'enode://21@127.0.0.1:1254': -2, 'enode://22@127.0.0.1:1255': -3, 'enode://23@127.0.0.1:1256': -6, 'enode://24@127.0.0.1:1257': 0, 'enode://25@127.0.0.1:1258': -4}
12 1786571864.387 8992 None {'21': 274, '0': 0, '18': 205, '20': 1052, '16': 548, '5': 841, '3': 557, '23': 421, '15': 0, '25': 69, '1': 1585, '12': 0, '19': 195, '14': 142, '4': 107, '11': 46, '7': 580, '22': 346, '8': 507, '6': 323, '10': 484, '13': 144, '17': 113, '9': 319, '2': 0, '24': 0} {'enode://1@127.0.0.1:1234': -10, 'enode://2@127.0.0.1:1235': 0, 'enode://3@127.0.0.1:1236': -8, 'enode://4@127.0.0.1:1237': 0, 'enode://5@127.0.0.1:1238': -7, 'enode://6@127.0.0.1:1239': 0, 'enode://7@127.0.0.1:1240': 0, 'enode://8@127.0.0.1:1241': 0, 'enode://9@127.0.0.1:1242': 0, 'enode://10@127.0.0.1:1243': -9, 'enode://11@127.0.0.1:1244': 0, 'enode://12@127.0.0.1:1245': 0, 'enode://13@127.0.0.1:1246': -4, 'enode://14@127.0.0.1:1247': 0, 'enode://15@127.0.0.1:1248': 0, 'enode://16@127.0.0.1:1249': -12, 'enode://17@127.0.0.1:1250': 0, 'enode://18@127.0.0.1:1251': 0, 'enode://19@127.0.0.1:1252': -11, 'enode://20@127.0.0.1:1253': -6, 'enode://21@127.0.0.1:1254': -1, 'enode://22@127.0.0.1:1255': -2, 'enode://23@127.0.0.1:1256': -5, 'enode://24@127.0.0.1:1257': 0, 'enode://25@127.0.0.1:1258': -3}
12 1786571864.387 9682 None {'21': 274, '0': 0, '18': 205, '20': 1052, '16': 650, '5': 841, '3': 557, '23': 421, '15': 0, '25': 69, '1': 1585, '12': 0, '19': 195, '14': 142, '4': 107, '11': 46, '7': 580, '22': 346, '8': 507, '6': 323, '10': 484, '13': 144, '17': 113, '9': 319, '2': 0, '24': 0} {'enode://1@127.0.0.1:1234': -9, 'enode://2@127.0.0.1:1235': 0, 'enode://3@127.0.0.1:1236': -7, 'enode://4@127.0.0.1:1237': 0, 'enode://5@127.0.0.1:1238': -6, 'enode://6@127.0.0.1:1239': 0, 'enode://7@127.0.0.1:1240': 0, 'enode://8@127.0.0.1:1241': 0, 'enode://9@127.0.0.1:1242': 0, 'enode://10@127.0.0.1:1243': -8, 'enode://11@127.0.0.1:1244': 0, 'enode://12@127.0.0.1:1245': 0, 'enode://13@127.0.0.1:1246': -3, 'enode://14@127.0.0.1:1247': 0, 'enode://15@127.0.0.1:1248': 0, 'enode://16@127.0.0.1:1249': -11, 'enode://17@127.0.0.1:1250': -12, 'enode://18@127.0.0.1:1251': 0, 'enode://19@127.0.0.1:1252': -10, 'enode://20@127.0.0.1:1253': -5, 'enode://21@127.0.0.1:1254': 0, 'enode://22@127.0.0.1:1255': -1, 'enode://23@127.0.0.1:1256': -4, 'enode://24@127.0.0.1:1257': 0, 'enode://25@127.0.0.1:1258': -2}
12 1786571864.387 9898 None {'21': 274, '0': 0, '18': 205, '20': 1052, '16': 650, '5': 841, '3': 557, '23': 421, '15': 0, '25': 69, '1': 1585, '12': 0, '19': 195, '14': 142, '4': 107, '11': 46, '7': 580, '22': 346, '8': 507, '6': 323, '10': 484, '13': 144, '17': 802, '9': 319, '2': 0, '24': 0} {'enode://1@127.0.0.1:1234': -8, 'enode://2@127.0.0.1:1235': -12, 'enode://3@127.0.0.1:1236': -6, 'enode://4@127.0.0.1:1237': 0, 'enode://5@127.0.0.1:1238': -5, 'enode://6@127.0.0.1:1239': 0, 'enode://7@127.0.0.1:1240': 0, 'enode://8@127.0.0.1:1241': 0, 'enode://9@127.0.0.1:1242': 0, 'enode://10@127.0.0.1:1243': -7, 'enode://11@127.0.0.1:1244': 0, 'enode://12@127.0.0.1:1245': 0, 'enode://13@127.0.0.1:1246': -2, 'enode://14@127.0.0.1:1247': 0, 'enode://15@127.0.0.1:1248': 0, 'enode://16@127.0.0.1:1249': -10, 'enode://17@127.0.0.1:1250': -11, 'enode://18@127.0.0.1:1251': 0, 'enode://19@127.0.0.1:1252': -9, 'enode://20@127.0.0.1:1253': -4, 'enode://21@127.0.0.1:1254': 0, 'enode://22@127.0.0.1:1255': 0, 'enode://23@127.0.0.1:1256': -3, 'enode://24@127.0.0.1:1257': 0, 'enode://25@127.0.0.1:1258': -1}
12 1786571864.387 10243 None {'21': 274, '0': 0, '18': 205, '20': 1052, '16': 650, '5': 841, '3': 557, '23': 421, '15': 0, '25': 69, '1': 1585, '12': 0, '19': 195, '14': 142, '4': 107, '11': 46, '7': 580, '22': 346, '8': 507, '6': 323, '10': 484, '13': 144, '17': 802, '9': 319, '2': 215, '24': 0} {'enode://1@127.0.0.1:1234': -7, 'enode://2@127.0.0.1:1235': -11, 'enode://3@127.0.0.1:1236': -5, 'enode://4@127.0.0.1:1237': 0, 'enode://5@127.0.0.1:1238': -4, 'enode://6@127.0.0.1:1239': 0, 'enode://7@127.0.0.1:1240': 0, 'enode://8@127.0.0.1:1241': -12, 'enode://9@127.0.0.1:1242': 0, 'enode://10@127.0.0.1:1243': -6, 'enode://11@127.0.0.1:1244': 0, 'enode://12@127.0.0.1:1245': 0, 'enode://13@127.0.0.1:1246': -1, 'enode://14@127.0.0.1:1247': 0, 'enode://15@127.0.0.1:1248': 0, 'enode://16@127.0.0.1:1249': -9, 'enode://17@127.0.0.1:1250': -10, 'enode://18@127.0.0.1:1251': 0, 'enode://19@127.0.0.1:1252': -8, 'enode://20@127.0.0.1:1253': -3, 'enode://21@127.0.0.1:1254': 0, 'enode://22@127.0.0.1:1255': 0, 'enode://23@127.0.0.1:1256': -2, 'enode://24@127.0.0.1:1257': 0, 'enode://25@127.0.0.1:1258': 0}
12 1786571864.387 10268 None {'21': 274, '0': 0, '18': 205, '20': 1052, '16': 650, '5': 841, '3': 557, '23': 421, '15': 0, '25': 69, '1': 1585, '12': 0, '19': 195, '14': 142, '4': 107, '11': 46, '7': 580, '22': 346, '8': 851, '6': 323, '10': 484, '13': 144, '17': 802, '9': 319, '2': 215, '24': 0} {'enode://1@127.0.0.1:1234': -6, 'enode://2@127.0.0.1:1235': -10, 'enode://3@127.0.0.1:1236': -4, 'enode://4@127.0.0.1:1237': 0, 'enode://5@127.0.0.1:1238': -3, 'enode://6@127.0.0.1:1239': 0, 'enode://7@127.0.0.1:1240': 0, 'enode://8@127.0.0.1:1241': -11, 'enode://9@127.0.0.1:1242': 0, 'enode://10@127.0.0.1:1243': -5, 'enode://11@127.0.0.1:1244': 0, 'enode://12@127.0.0.1:1245': 0, 'enode://13@127.0.0.1:1246': 0, 'enode://14@127.0.0.1:1247': 0, 'enode://15@127.0.0.1:1248': 0, 'enode://16@127.0.0.1:1249': -8, 'enode://17@127.0.0.1:1250': -9, 'enode://18@127.0.0.1:1251': 0, 'enode://19@127.0.0.1:1252': -7, 'enode://20@127.0.0.1:1253': -2, 'enode://21@127.0.0.1:1254': 0, 'enode://22@127.0.0.1:1255': -12, 'enode://23@127.0.0.1:1256': -1, 'enode://24@127.0.0.1:1257': 0, 'enode://25@127.0.0.1:1258': 0}
12 1786571864.387 10672 None {'21': 274, '0': 0, '18': 205, '20': 1052, '16': 650, '5': 841, '3': 557, '23': 421, '15': 0, '25': 69, '1': 1585, '12': 0, '19': 195, '14': 142, '4': 107, '11': 46, '7': 580, '22': 370, '8': 851, '6': 323, '10': 484, '13': 144, '17': 802, '9': 319, '2': 215, '24': 0} {'enode://1@127.0.0.1:1234': -5, 'enode://2@127.0.0.1:1235': -9, 'enode://3@127.0.0.1:1236': -3, 'enode://4@127.0.0.1:1237': 0, 'enode://5@127.0.0.1:1238': -2, 'enode://6@127.0.0.1:1239': 0, 'enode://7@127.0.0.1:1240': 0, 'enode://8@127.0.0.1:1241': -10, 'enode://9@127.0.0.1:1242': 0, 'enode://10@127.0.0.1:1243': -4, 'enode://11@127.0.0.1:1244': 0, 'enode://12@127.0.0.1:1245': 0, 'enode://13@127.0.0.1:1246': 0, 'enode://14@127.0.0.1:1247': 0, 'enode://15@127.0.0.1:1248': -12, 'enode://16@127.0.0.1:1249': -7, 'enode://17@127.0.0.1:1250': -8, 'enode://18@127.0.0.1:1251': 0, 'enode://19@127.0.0.1:1252': -6, 'enode://20@127.0.0.1:1253': -1, 'enode://21@127.0.0.1:1254': 0, 'enode://22@127.0.0.1:1255': -11, 'enode://23@127.0.0.1:1256': 0, 'enode://24@127.0.0.1:1257': 0, 'enode://25@127.0.0.1:1258': 0}
12 1786571864.388 11511 None {'21': 274, '0': 0, '18': 205, '20': 1052, '16': 650, '5': 841, '3': 557, '23': 421, '15': 403, '25': 69, '1': 1585, '12': 0, '19': 195, '14': 142, '4': 107, '11': 46, '7': 580, '22': 370, '8': 851, '6': 323, '10': 484, '13': 144, '17': 802, '9': 319, '2': 215, '24': 0} {'enode://1@127.0.0.1:1234': -4, 'enode://2@127.0.0.1:1235': -8, 'enode://3@127.0.0.1:1236': -2, 'enode://4@127.0.0.1:1237': 0, 'enode://5@127.0.0.1:1238': -1, 'enode://6@127.0.0.1:1239': 0, 'enode://7@127.0.0.1:1240': 0, 'enode://8@127.0.0.1:1241': -9, 'enode://9@127.0.0.1:1242': 0, 'enode://10@127.0.0.1:1243': -3, 'enode://11@127.0.0.1:1244': 0, 'enode://12@127.0.0.1:1245': 0, 'enode://13@127.0.0.1:1246': 0, 'enode://14@127.0.0.1:1247': -12, 'enode://15@127.0.0.1:1248': -11, 'enode://16@127.0.0.1:1249': -6, 'enode://17@127.0.0.1:1250': -7, 'enode://18@127.0.0.1:1251': 0, 'enode://19@127.0.0.1:1252': -5, 'enode://20@127.0.0.1:1253': 0, 'enode://21@127.0.0.1:1254': 0, 'enode://22@127.0.0.1:1255': -10, 'enode://23@127.0.0.1:1256': 0, 'enode://24@127.0.0.1:1257': 0, 'enode://25@127.0.0.1:1258': 0}
12 1786571864.388 11808 None {'21': 274, '0': 0, '18': 205, '20': 1052, '16': 650, '5': 841, '3': 557, '23': 421, '15': 403, '25': 69, '1': 1585, '12': 0, '19': 195, '14': 980, '4': 107, '11': 46, '7': 580, '22': 370, '8': 851, '6': 323, '10': 484, '13': 144, '17': 802, '9': 319, '2': 215, '24': 0} {'enode://1@127.0.0.1:1234': -3, 'enode://2@127.0.0.1:1235': -7, 'enode://3@127.0.0.1:1236': -1, 'enode://4@127.0.0.1:1237': 0, 'enode://5@127.0.0.1:1238': 0, 'enode://6@127.0.0.1:1239': 0, 'enode://7@127.0.0.1:1240': 0, 'enode://8@127.0.0.1:1241': -8, 'enode://9@127.0.0.1:1242': -12, 'enode://10@127.0.0.1:1243': -2, 'enode://11@127.0.0.1:1244': 0, 'enode://12@127.0.0.1:1245': 0, 'enode://13@127.0.0.1:1246': 0, 'enode://14@127.0.0.1:1247': -11, 'enode://15@127.0.0.1:1248': -10, 'enode://16@127.0.0.1:1249': -5, 'enode://17@127.0.0.1:1250': -6, 'enode://18@127.0.0.1:1251': 0, 'enode://19@127.0.0.1:1252': -4, 'enode://20@127.0.0.1:1253': 0, 'enode://21@127.0.0.1:1254': 0, 'enode://22@127.0.0.1:1255': -9, 'enode://23@127.0.0.1:1256': 0, 'enode://24@127.0.0.1:1257': 0, 'enode://25@127.0.0.1:1258': 0}
12 1786571864.388 12096 None {'21': 274, '0': 0, '18': 205, '20': 1052, '16': 650, '5': 841, '3': 557, '23': 421, '15': 403, '25': 69, '1': 1585, '12': 0, '19': 195, '14': 980, '4': 107, '11': 46, '7': 580, '22': 370, '8': 851, '6': 323, '10': 484, '13': 144, '17': 802, '9': 615, '2': 215, '24': 0} {'enode://1@127.0.0.1:1234': -2, 'enode://2@127.0.0.1:1235': -6, 'enode://3@127.0.0.1:1236': 0, 'enode://4@127.0.0.1:1237': 0, 'enode://5@127.0.0.1:1238': 0, 'enode://6@127.0.0.1:1239': 0, 'enode://7@127.0.0.1:1240': 0, 'enode://8@127.0.0.1:1241': -7, 'enode://9@127.0.0.1:1242': -11, 'enode://10@127.0.0.1:1243': -1, 'enode://11@127.0.0.1:1244': 0, 'enode://12@127.0.0.1:1245': 0, 'enode://13@127.0.0.1:1246': 0, 'enode://14@127.0.0.1:1247': -10, 'enode://15@127.0.0.1:1248': -9, 'enode://16@127.0.0.1:1249': -4, 'enode://17@127.0.0.1:1250': -5, 'enode://18@127.0.0.1:1251': 0, 'enode://19@127.0.0.1:1252': -3, 'enode://20@127.0.0.1:1253': 0, 'enode://21@127.0.0.1:1254': 0, 'enode://22@127.0.0.1:1255': -8, 'enode://23@127.0.0.1:1256': -12, 'enode://24@127.0.0.1:1257': 0, 'enode://25@127.0.0.1:1258': 0}
12 1786571864.388 13027 None {'21': 274, '0': 0, '18': 205, '20': 1052, '16': 650, '5': 841, '3': 557, '23': 708, '15': 403, '25': 69, '1': 1585, '12': 0, '19': 195, '14': 980, '4': 107, '11': 46, '7': 580, '22': 370, '8': 851, '6': 323, '10': 484, '13': 144, '17': 802, '9': 615, '2': 215, '24': 0} {'enode://1@127.0.0.1:1234': -1, 'enode://2@127.0.0.1:1235': -5, 'enode://3@127.0.0.1:1236': 0, 'enode://4@127.0.0.1:1237': 0, 'enode://5@127.0.0.1:1238': -12, 'enode://6@127.0.0.1:1239': 0, 'enode://7@127.0.0.1:1240': 0, 'enode://8@127.0.0.1:1241': -6, 'enode://9@127.0.0.1:1242': -10, 'enode://10@127.0.0.1:1243': 0, 'enode://11@127.0.0.1:1244': 0, 'enode://12@127.0.0.1:1245': 0, 'enode://13@127.0.0.1:1246': 0, 'enode://14@127.0.0.1:1247': -9, 'enode://15@127.0.0.1:1248': -8, 'enode://16@127.0.0.1:1249': -3, 'enode://17@127.0.0.1:1250': -4, 'enode://18@127.0.0.1:1251': 0, 'enode://19@127.0.0.1:1252': -2, 'enode://20@127.0.0.1:1253': 0, 'enode://21@127.0.0.1:1254': 0, 'enode://22@127.0.0.1:1255': -7, 'enode://23@127.0.0.1:1256': -11, 'enode://24@127.0.0.1:1257': 0, 'enode://25@127.0.0.1:1258': 0}
12 1786571864.388 13169 None {'21': 274, '0': 0, '18': 205, '20': 1052, '16': 650, '5': 1771, '3': 557, '23': 708, '15': 403, '25': 69, '1': 1585, '12': 0, '19': 195, '14': 980, '4': 107, '11': 46, '7': 580, '22': 370, '8': 851, '6': 323, '10': 484, '13': 144, '17': 802, '9': 615, '2': 215, '24': 0} {'enode://1@127.0.0.1:1234': 0, 'enode://2@127.0.0.1:1235': -4, 'enode://3@127.0.0.1:1236': 0, 'enode://4@127.0.0.1:1237': 0, 'enode://5@127.0.0.1:1238': -11, 'enode://6@127.0.0.1:1239': 0, 'enode://7@127.0.0.1:1240': 0, 'enode://8@127.0.0.1:1241': -5, 'enode://9@127.0.0.1:1242': -9, 'enode://10@127.0.0.1:1243': 0, 'enode://11@127.0.0.1:1244': 0, 'enode://12@127.0.0.1:1245': 0, 'enode://13@127.0.0.1:1246': 0, 'enode://14@127.0.0.1:1247': -8, 'enode://15@127.0.0.1:1248': -7, 'enode://16@127.0.0.1:1249': -2, 'enode://17@127.0.0.1:1250': -3, 'enode://18@127.0.0.1:1251': 0, 'enode://19@127.0.0.1:1252': -1, 'enode://20@127.0.0.1:1253': 0, 'enode://21@127.0.0.1:1254': -12, 'enode://22@127.0.0.1:1255': -6, 'enode://23@127.0.0.1:1256': -10, 'enode://24@127.0.0.1:1257': 0, 'enode://25@127.0.0.1:1258': 0}
12 1786571864.388 14006 None {'21': 415, '0': 0, '18': 205, '20': 1052, '16': 650, '5': 1771, '3': 557, '23': 708, '15': 403, '25': 69, '1': 1585, '12': 0, '19': 195, '14': 980, '4': 107, '11': 46, '7': 580, '22': 370, '8': 851, '6': 323, '10': 484, '13': 144, '17': 802, '9': 615, '2': 215, '24': 0} {'enode://1@127.0.0.1:1234': 0, 'enode://2@127.0.0.1:1235': -3, 'enode://3@127.0.0.1:1236': 0, 'enode://4@127.0.0.1:1237': 0, 'enode://5@127.0.0.1:1238': -10, 'enode://6@127.0.0.1:1239': 0, 'enode://7@127.0.0.1:1240': 0, 'enode://8@127.0.0.1:1241': -4, 'enode://9@127.0.0.1:1242': -8, 'enode://10@127.0.0.1:1243': 0, 'enode://11@127.0.0.1:1244': 0, 'enode://12@127.0.0.1:1245': 0, 'enode://13@127.0.0.1:1246': 0, 'enode://14@127.0.0.1:1247': -7, 'enode://15@127.0.0.1:1248': -6, 'enode://16@127.0.0.1:1249': -1, 'enode://17@127.0.0.1:1250': -2, 'enode://18@127.0.0.1:1251': -12, 'enode://19@127.0.0.1:1252': 0, 'enode://20@127.0.0.1:1253': 0, 'enode://21@127.0.0.1:1254': -11, 'enode://22@127.0.0.1:1255': -5, 'enode://23@127.0.0.1:1256': -9, 'enode://24@127.0.0.1:1257': 0, 'enode://25@127.0.0.1:1258': 0}
12 1786571864.388 14101 None {'21': 415, '0': 0, '18': 1041, '20': 1052, '16': 650, '5': 1771, '3': 557, '23': 708, '15': 403, '25': 69, '1': 1585, '12': 0, '19': 195, '14': 980, '4': 107, '11': 46, '7': 580, '22': 370, '8': 851, '6': 323, '10': 484, '13': 144, '17': 802, '9': 615, '2': 215, '24': 0} {'enode://1@127.0.0.1:1234': 0, 'enode://2@127.0.0.1:1235': -2, 'enode://3@127.0.0.1:1236': 0, 'enode://4@127.0.0.1:1237': 0, 'enode://5@127.0.0.1:1238': -9, 'enode://6@127.0.0.1:1239': 0, 'enode://7@127.0.0.1:1240': -12, 'enode://8@127.0.0.1:1241': -3, 'enode://9@127.0.0.1:1242': -7, 'enode://10@127.0.0.1:1243': 0, 'enode://11@127.0.0.1:1244': 0, 'enode://12@127.0.0.1:1245': 0, 'enode://13@127.0.0.1:1246': 0, 'enode://14@127.0.0.1:1247': -6, 'enode://15@127.0.0.1:1248': -5, 'enode://16@127.0.0.1:1249': 0, 'enode://17@127.0.0.1:1250': -1, 'enode://18@127.0.0.1:1251': -11, 'enode://19@127.0.0.1:1252': 0, 'enode://20@127.0.0.1:1253': 0, 'enode://21@127.0.0.1:1254': -10, 'enode://22@127.0.0.1:1255': -4, 'enode://23@127.0.0.1:1256': -8, 'enode://24@127.0.0.1:1257': 0, 'enode://25@127.0.0.1:1258': 0}
12 1786571864.388 14274 None {'21': 415, '0': 0, '18': 1041, '20': 1052, '16': 650, '5': 1771, '3': 557, '23': 708, '15': 403, '25': 69, '1': 1585, '12': 0, '19': 195, '14': 980, '4': 107, '11': 46, '7': 674, '22': 370, '8': 851, '6': 323, '10': 484, '13': 144, '17': 802, '9': 615, '2': 215, '24': 0} {'enode://1@127.0.0.1:1234': 0, 'enode://2@127.0.0.1:1235': -1, 'enode://3@127.0.0.1:1236': 0, 'enode://4@127.0.0.1:1237': 0, 'enode://5@127.0.0.1:1238': -8, 'enode://6@127.0.0.1:1239': 0, 'enode://7@127.0.0.1:1240': -11, 'enode://8@127.0.0.1:1241': -2, 'enode://9@127.0.0.1:1242': -6, 'enode://10@127.0.0.1:1243': -12, 'enode://11@127.0.0.1:1244': 0, 'enode://12@127.0.0.1:1245': 0, 'enode://13@127.0.0.1:1246': 0, 'enode://14@127.0.0.1:1247': -5, 'enode://15@127.0.0.1:1248': -4, 'enode://16@127.0.0.1:1249': 0, 'enode://17@127.0.0.1:1250': 0, 'enode://18@127.0.0.1:1251': -10, 'enode://19@127.0.0.1:1252': 0, 'enode://20@127.0.0.1:1253': 0, 'enode://21@127.0.0.1:1254': -9, 'enode://22@127.0.0.1:1255': -3, 'enode://23@127.0.0.1:1256': -7, 'enode://24@127.0.0.1:1257': 0, 'enode://25@127.0.0.1:1258': 0}
12 1786571864.388 14746 None {'21': 415, '0': 0, '18': 1041, '20': 1052, '16': 650, '5': 1771, '3': 557, '23': 708, '15': 403, '25': 69, '1': 1585, '12': 0, '19': 195, '14': 980, '4': 107, '11': 46, '7': 674, '22': 370, '8': 851, '6': 323, '10': 656, '13': 144, '17': 802, '9': 615, '2': 215, '24': 0} {'enode://1@127.0.0.1:1234': 0, 'enode://2@127.0.0.1:1235': 0, 'enode://3@127.0.0.1:1236': 0, 'enode://4@127.0.0.1:1237': 0, 'enode://5@127.0.0.1:1238': -7, 'enode://6@127.0.0.1:1239': 0, 'enode://7@127.0.0.1:1240': -10, 'enode://8@127.0.0.1:1241': -1, 'enode://9@127.0.0.1:1242': -5, 'enode://10@127.0.0.1:1243': -11, 'enode://11@127.0.0.1:1244': 0, 'enode://12@127.0.0.1:1245': 0, 'enode://13@127.0.0.1:1246': 0, 'enode://14@127.0.0.1:1247': -4, 'enode://15@127.0.0.1:1248': -3, 'enode://16@127.0.0.1:1249': 0, 'enode://17@127.0.0.1:1250': 0, 'enode://18@127.0.0.1:1251': -9, 'enode://19@127.0.0.1:1252': 0, 'enode://20@127.0.0.1:1253': 0, 'enode://21@127.0.0.1:1254': -8, 'enode://22@127.0.0.1:1255': -2, 'enode://23@127.0.0.1:1256': -6, 'enode://24@127.0.0.1:1257': 0, 'enode://25@127.0.0.1:1258': -12}
12 1786571864.388 14865 None {'21': 415, '0': 0, '18': 1041, '20': 1052, '16': 650, '5': 1771, '3': 557, '23': 708, '15': 403, '25': 540, '1': 1585, '12': 0, '19': 195, '14': 980, '4': 107, '11': 46, '7': 674, '22': 370, '8': 851, '6': 323, '10': 656, '13': 144, '17': 802, '9': 615, '2': 215, '24': 0} {'enode://1@127.0.0.1:1234': 0, 'enode://2@127.0.0.1:1235': 0, 'enode://3@127.0.0.1:1236': 0, 'enode://4@127.0.0.1:1237': 0, 'enode://5@127.0.0.1:1238': -6, 'enode://6@127.0.0.1:1239': -12, 'enode://7@127.0.0.1:1240': -9, 'enode://8@127.0.0.1:1241': 0, 'enode://9@127.0.0.1:1242': -4, 'enode://10@127.0.0.1:1243': -10, 'enode://11@127.0.0.1:1244': 0, 'enode://12@127.0.0.1:1245': 0, 'enode://13@127.0.0.1:1246': 0, 'enode://14@127.0.0.1:1247': -3, 'enode://15@127.0.0.1:1248': -2, 'enode://16@127.0.0.1:1249': 0, 'enode://17@127.0.0.1:1250': 0, 'enode://18@127.0.0.1:1251': -8, 'enode://19@127.0.0.1:1252': 0, 'enode://20@127.0.0.1:1253': 0, 'enode://21@127.0.0.1:1254': -7, 'enode://22@127.0.0.1:1255': -1, 'enode://23@127.0.0.1:1256': -5, 'enode://24@127.0.0.1:1257': 0, 'enode://25@127.0.0.1:1258': -11}
12 1786571864.388 14945 None {'21': 415, '0': 0, '18': 1041, '20': 1052, '16': 650, '5': 1771, '3': 557, '23': 708, '15': 403, '25': 540, '1': 1585, '12': 0, '19': 195, '14': 980, '4': 107, '11': 46, '7': 674, '22': 370, '8': 851, '6': 441, '10': 656, '13': 144, '17': 802, '9': 615, '2': 215, '24': 0} {'enode://1@127.0.0.1:1234': 0, 'enode://2@127.0.0.1:1235': 0, 'enode://3@127.0.0.1:1236': 0, 'enode://4@127.0.0.1:1237': 0, 'enode://5@127.0.0.1:1238': -5, 'enode://6@127.0.0.1:1239': -11, 'enode://7@127.0.0.1:1240': -8, 'enode://8@127.0.0.1:1241': 0, 'enode://9@127.0.0.1:1242': -3, 'enode://10@127.0.0.1:1243': -9, 'enode://11@127.0.0.1:1244': 0, 'enode://12@127.0.0.1:1245': 0, 'enode://13@127.0.0.1:1246': -12, 'enode://14@127.0.0.1:1247': -2, 'enode://15@127.0.0.1:1248': -1, 'enode://16@127.0.0.1:1249': 0, 'enode://17@127.0.0.1:1250': 0, 'enode://18@127.0.0.1:1251': -7, 'enode://19@127.0.0.1:1252': 0, 'enode://20@127.0.0.1:1253': 0, 'enode://21@127.0.0.1:1254': -6, 'enode://22@127.0.0.1:1255': 0, 'enode://23@127.0.0.1:1256': -4, 'enode://24@127.0.0.1:1257': 0, 'enode://25@127.0.0.1:1258': -10}
12 1786571864.388 15711 None {'21': 415, '0': 0, '18': 1041, '20': 1052, '16': 650, '5': 1771, '3': 557, '23': 708, '15': 403, '25': 540, '1': 1585, '12': 0, '19': 195, '14': 980, '4': 107, '11': 46, '7': 674, '22': 370, '8': 851, '6': 441, '10': 656, '13': 223, '17': 802, '9': 615, '2': 215, '24': 0} {'enode://1@127.0.0.1:1234': 0, 'enode://2@127.0.0.1:1235': 0, 'enode://3@127.0.0.1:1236': 0, 'enode://4@127.0.0.1:1237': 0, 'enode://5@127.0.0.1:1238': -4, 'enode://6@127.0.0.1:1239': -10, 'enode://7@127.0.0.1:1240': -7, 'enode://8@127.0.0.1:1241': 0, 'enode://9@127.0.0.1:1242': -2, 'enode://10@127.0.0.1:1243': -8, 'enode://11@127.0.0.1:1244': 0, 'enode://12@127.0.0.1:1245': 0, 'enode://13@127.0.0.1:1246': -11, 'enode://14@127.0.0.1:1247': -1, 'enode://15@127.0.0.1:1248': 0, 'enode://16@127.0.0.1:1249': 0, 'enode://17@127.0.0.1:1250': 0, 'enode://18@127.0.0.1:1251': -6, 'enode://19@127.0.0.1:1252': 0, 'enode://20@127.0.0.1:1253': 0, 'enode://21@127.0.0.1:1254': -5, 'enode://22@127.0.0.1:1255': -12, 'enode://23@127.0.0.1:1256': -3, 'enode://24@127.0.0.1:1257': 0, 'enode://25@127.0.0.1:1258': -9}
