ID TIME HEIGHT MINER BLOCK TIMESTAMP TELAPSED RECEPTION SIZE_KB TXS DIFF TDIFF HASH PHASH
10 1787135005.803 0 ['enode://1@127.0.0.1:1234', 'enode://2@127.0.0.1:1235', 'enode://3@127.0.0.1:1236', 'enode://4@127.0.0.1:1237', 'enode://5@127.0.0.1:1238', 'enode://6@127.0.0.1:1239', 'enode://7@127.0.0.1:1240', 'enode://8@127.0.0.1:1241', 'enode://9@127.0.0.1:1242', 'enode://10@127.0.0.1:1243'] 0 0 0 0 0.046875 0 0 0 ff6f202cb49a8a8ebe51b34168314be80a8fad5756c7fa07dcb5dd116f16c481 0
10 1787135005.803 1 enode://1@127.0.0.1:1234 1 10 33 43 0.046875 0 2 2 362f2d370031bbca068e08cf27a47119928de3c1fc807db2437856536fe1177b ff6f202cb49a8a8ebe51b34168314be80a8fad5756c7fa07dcb5dd116f16c481
10 1787135005.803 2 enode://3@127.0.0.1:1236 2 45 19 64 0.046875 0 1 3 9005b777f153aa5f230487b70f1293a34f18088cf1660d0e85e537eb0ef74329 362f2d370031bbca068e08cf27a47119928de3c1fc807db2437856536fe1177b
10 1787135005.804 3 enode://4@127.0.0.1:1237 3 80 5 85 0.046875 0 1 4 7be828e7f3f77ac8b929933c9a4adbc4ffcfa7fbdb4a81b691a75682f9001630 9005b777f153aa5f230487b70f1293a34f18088cf1660d0e85e537eb0ef74329
10 1787135005.804 4 enode://5@127.0.0.1:1238 4 115 138 253 0.046875 0 1 5 6e20bc683639b64bc08fcedcda1c2f6750e738c203e52b50d947c18325c98783 7be828e7f3f77ac8b929933c9a4adbc4ffcfa7fbdb4a81b691a75682f9001630
10 1787135005.804 5 enode://7@127.0.0.1:1240 5 175 78 253 0.046875 0 1 6 5368da08935c42b95cec496599e32a0a8d04785d70b8e5c28a919dfaf8209d2e 6e20bc683639b64bc08fcedcda1c2f6750e738c203e52b50d947c18325c98783
10 1787135005.804 6 enode://6@127.0.0.1:1239 6 190 63 253 0.046875 0 2 8 aa5a2b7ffe5d50d6a14b7c8871b881141583b1188d1aebc4df100bafd92c1e3e 5368da08935c42b95cec496599e32a0a8d04785d70b8e5c28a919dfaf8209d2e
10 1787135005.804 7 enode://9@127.0.0.1:1242 7 250 3 253 0.046875 0 1 9 1fb0aa099edf04e45f88ae52b73bc73e685be97820c881c1caa8a7d6f8fdc66c aa5a2b7ffe5d50d6a14b7c8871b881141583b1188d1aebc4df100bafd92c1e3e
10 1787135005.804 8 enode://8@127.0.0.1:1241 8 274 0 274 0.046875 0 2 11 33f047b263a863dea21156712cc96957faf889ff3b88345fbbfa6e40a1b4f9e4 1fb0aa099edf04e45f88ae52b73bc73e685be97820c881c1caa8a7d6f8fdc66c
10 1787135005.804 9 enode://10@127.0.0.1:1243 9 309 0 309 0.046875 0 1 12 aec0c9559c95a88314e2c1d2e5f2da448cf9e0b0e27f4c082cf539c3d87dad70 33f047b263a863dea21156712cc96957faf889ff3b88345fbbfa6e40a1b4f9e4
10 1787135005.805 10 enode://2@127.0.0.1:1235 10 369 10 379 0.046875 0 1 13 5dc44cc1dd80c8f3e46af67d6a066e0ff2bb4d86f98be4c948aa56ea8fcdb39a aec0c9559c95a88314e2c1d2e5f2da448cf9e0b0e27f4c082cf539c3d87dad70
10 1787135005.805 11 enode://4@127.0.0.1:1237 11 454 9 463 0.046875 0 1 14 674aa581762ce426e32bcc2c5488aaa0e64d80d53e623de432edf0e1cbde88b4 5dc44cc1dd80c8f3e46af67d6a066e0ff2bb4d86f98be4c948aa56ea8fcdb39a
10 1787135005.805 12 enode://5@127.0.0.1:1238 12 539 260 799 0.046875 0 1 15 b770b7e2abe7dd37a2fd07a47210a2b59ea0e34d1fa7d2a2f4d6447011ab453c 674aa581762ce426e32bcc2c5488aaa0e64d80d53e623de432edf0e1cbde88b4
10 1787135005.805 13 enode://7@127.0.0.1:1240 13 649 150 799 0.046875 0 1 16 f8fad868ce5b3782616e4dd06a5f1411980fd4f9385506a0781a3f5ea4528fd3 b770b7e2abe7dd37a2fd07a47210a2b59ea0e34d1fa7d2a2f4d6447011ab453c
10 1787135005.805 14 enode://6@127.0.0.1:1239 14 709 90 799 0.046875 0 1 17 c97eaeaeb9eae68b2e77d86d7869c4858b0c2a1f9fb006fe58a3aed8ab74c19a f8fad868ce5b3782616e4dd06a5f1411980fd4f9385506a0781a3f5ea4528fd3
10 1787135005.805 15 enode://8@127.0.0.1:1241 15 794 5 799 0.046875 0 1 18 e25b1dd674921322228854b669ad255cf23ec0534527c8fc0348a24dea370649 c97eaeaeb9eae68b2e77d86d7869c4858b0c2a1f9fb006fe58a3aed8ab74c19a
10 1787135005.805 16 enode://10@127.0.0.1:1243 16 904 0 904 0.046875 0 1 19 16b2ab5f315447c5171bc95428b4101ad6411ccdc7f0a96c298cbde9f4bba429 e25b1dd674921322228854b669ad255cf23ec0534527c8fc0348a24dea370649
10 1787135005.806 17 enode://1@127.0.0.1:1234 17 1014 16 1030 0.046875 0 1 20 223a68d6ee860dd224a1e4bfc581204c1a10df8d2d8aa1aec8962f05a9c6bc5c 16b2ab5f315447c5171bc95428b4101ad6411ccdc7f0a96c298cbde9f4bba429
10 1787135005.806 18 enode://4@127.0.0.1:1237 18 1174 3 1177 0.046875 0 1 21 c92c62348b3b648a957c17d17400e0a2683caf74a0e9a9c5d403899800adfdca 223a68d6ee860dd224a1e4bfc581204c1a10df8d2d8aa1aec8962f05a9c6bc5c
10 1787135005.806 19 enode://9@127.0.0.1:1242 19 1184 14 1198 0.046875 0 2 23 f8162122e07bdc33baed1b37a202b425c50a56bf3ca194ce0afce5d2fb5a1e42 c92c62348b3b648a957c17d17400e0a2683caf74a0e9a9c5d403899800adfdca
10 1787135005.806 20 enode://3@127.0.0.1:1236 20 1269 118 1387 0.046875 0 1 24 360992c7d93cc4d4dc16c8b7c20d931245b25ba95961aaf9260bce332c7e96c2 f8162122e07bdc33baed1b37a202b425c50a56bf3ca194ce0afce5d2fb5a1e42
10 1787135005.806 21 enode://5@127.0.0.1:1238 21 1379 8 1387 0.046875 0 1 25 52a23fb382f187b87678e3f365be493446a67a00a130e2bb5f07b689982b3455 360992c7d93cc4d4dc16c8b7c20d931245b25ba95961aaf9260bce332c7e96c2
10 1787135005.806 22 enode://2@127.0.0.1:1235 22 1389 19 1408 0.046875 0 2 27 a3bed9207aacb622bc9de02fb0050b03145a1ad95870ed5ab3562658f3da727f 52a23fb382f187b87678e3f365be493446a67a00a130e2bb5f07b689982b3455
10 1787135005.806 23 enode://6@127.0.0.1:1239 23 1474 186 1660 0.046875 0 1 28 c9bdeb500d309e691177198097808fd8c8d076911cc67fa36b73214571682dc0 a3bed9207aacb622bc9de02fb0050b03145a1ad95870ed5ab3562658f3da727f
10 1787135005.807 24 enode://4@127.0.0.1:1237 24 1513 147 1660 0.046875 0 2 30 1d36f9955d27845b68984f9bd3902796fe53c7fa0ab7d2a40143cf45283dd932 c9bdeb500d309e691177198097808fd8c8d076911cc67fa36b73214571682dc0
10 1787135005.807 25 enode://9@127.0.0.1:1242 25 1623 37 1660 0.046875 0 1 31 b85702de5687e4f1691a2b152fcb8ccd723e4aee2a573943d31c0b676dbf891a 1d36f9955d27845b68984f9bd3902796fe53c7fa0ab7d2a40143cf45283dd932
10 1787135005.807 26 enode://10@127.0.0.1:1243 26 1733 0 1733 0.046875 0 1 32 7543d727bda436844d66841b339467830ce2aaba6236f3891ab9a9a1642d4eb8 b85702de5687e4f1691a2b152fcb8ccd723e4aee2a573943d31c0b676dbf891a
10 1787135005.807 27 enode://1@127.0.0.1:1234 27 1843 27 1870 0.046875 0 1 33 450abaeff33326b5ee03e7d40bc11ffc85c4a856eac18bc37c9a40a947eb6595 7543d727bda436844d66841b339467830ce2aaba6236f3891ab9a9a1642d4eb8
10 1787135005.807 28 enode://5@127.0.0.1:1238 28 2028 73 2101 0.046875 0 1 34 5a4f0223ebcfa26ecd23024aed46cc55a7fb0cc47e0e154c020feec8799a5f1c 450abaeff33326b5ee03e7d40bc11ffc85c4a856eac18bc37c9a40a947eb6595
10 1787135005.807 29 enode://6@127.0.0.1:1239 29 2213 203 2416 0.046875 0 1 35 636f96bb17b854ee78a595000096b1112f7dbd95734e213cd8e94cbccbb02dc8 5a4f0223ebcfa26ecd23024aed46cc55a7fb0cc47e0e154c020feec8799a5f1c
10 1787135005.807 30 enode://3@127.0.0.1:1236 30 2298 118 2416 0.046875 0 1 36 2c5a16e9fbe02d2e46ae252e2b7c8870912581a30412289f8258d6ce0bc87fa0 636f96bb17b854ee78a595000096b1112f7dbd95734e213cd8e94cbccbb02dc8
10 1787135005.807 31 enode://2@127.0.0.1:1235 31 2353 63 2416 0.046875 0 1 37 7ae87cb10fe9876ffb1e02a262d4f0410b4635f4422d9c89ecd7ceca31ebf6b2 2c5a16e9fbe02d2e46ae252e2b7c8870912581a30412289f8258d6ce0bc87fa0
10 1787135005.808 32 enode://4@127.0.0.1:1237 32 2413 3 2416 0.046875 0 1 38 79d86c5791bfd3b7fda33bbba283a7be8ed367a25181a9d7ba44a7068a89bbb5 7ae87cb10fe9876ffb1e02a262d4f0410b4635f4422d9c89ecd7ceca31ebf6b2
10 1787135005.808 33 enode://7@127.0.0.1:1240 33 2523 103 2626 0.046875 0 1 39 b0f9cc8bfc9e67522864668a2a8c9f6b4291b48cc4aea3969b54be29daa04998 79d86c5791bfd3b7fda33bbba283a7be8ed367a25181a9d7ba44a7068a89bbb5
10 1787135005.808 34 enode://5@127.0.0.1:1238 34 2558 68 2626 0.046875 0 1 40 9d09f535945f6eea299a304e81d3f04d3eb03c487d3db4dc6902c15dc8dfb3b0 b0f9cc8bfc9e67522864668a2a8c9f6b4291b48cc4aea3969b54be29daa04998
10 1787135005.808 35 enode://6@127.0.0.1:1239 35 2593 33 2626 0.046875 0 1 41 8adbe9b5ccceb8e6263086da5018615875b10a09146be811fede5f5fdbdc0312 9d09f535945f6eea299a304e81d3f04d3eb03c487d3db4dc6902c15dc8dfb3b0
10 1787135005.808 36 enode://8@127.0.0.1:1241 36 2653 36 2689 0.046875 0 1 42 508d691fbf50f7f452181e3c2f80dd482f50bd6e642b921e288efb1dd8545e25 8adbe9b5ccceb8e6263086da5018615875b10a09146be811fede5f5fdbdc0312
10 1787135005.808 37 enode://10@127.0.0.1:1243 37 2738 0 2738 0.046875 0 1 43 72fccfdf23926e087736880da91e3b0c1670ccba1f307d9a2b1b39ce251de075 508d691fbf50f7f452181e3c2f80dd482f50bd6e642b921e288efb1dd8545e25
10 1787135005.808 38 enode://2@127.0.0.1:1235 38 2848 30 2878 0.046875 0 1 44 c2b5029801a46b2417188ce010341146a8b6db482e145c07d3d28af372087fe7 72fccfdf23926e087736880da91e3b0c1670ccba1f307d9a2b1b39ce251de075
10 1787135005.809 39 enode://9@127.0.0.1:1242 39 2899 0 2899 0.046875 0 2 46 44f7883539d02f57be9a2645ce77fa7aeda2911bcaa03c82950909ed78a1fd40 c2b5029801a46b2417188ce010341146a8b6db482e145c07d3d28af372087fe7
10 1787135005.809 40 enode://4@127.0.0.1:1237 40 3009 16 3025 0.046875 0 1 47 3753cad9e3abd4ea1edaea259befe568469ddb7ac3a0d49c3825a48a23fa7976 44f7883539d02f57be9a2645ce77fa7aeda2911bcaa03c82950909ed78a1fd40
10 1787135005.809 41 enode://1@127.0.0.1:1234 41 3067 84 3151 0.046875 0 2 49 65199570635b22de3106b086592dbba2086b236b0b8524a6269f4eb0b46b63a6 3753cad9e3abd4ea1edaea259befe568469ddb7ac3a0d49c3825a48a23fa7976
10 1787135005.809 42 enode://7@127.0.0.1:1240 42 3202 12 3214 0.046875 0 1 50 3908061cd74860d19c5204be277446b47f7e557f0b3c3b4aecd5d5718a248ebc 65199570635b22de3106b086592dbba2086b236b0b8524a6269f4eb0b46b63a6
10 1787135005.809 43 enode://5@127.0.0.1:1238 43 3262 99 3361 0.046875 0 1 51 3732c27ef38030275a5b09e03a8878759a2d79eabed8391f6a18c3d3484a214e 3908061cd74860d19c5204be277446b47f7e557f0b3c3b4aecd5d5718a248ebc
10 1787135005.809 44 enode://6@127.0.0.1:1239 44 3322 81 3403 0.046875 0 1 52 e3699950d133abe43144183fd86f52d4fbfba5a0b258773dc4c816a12ea44f6e 3732c27ef38030275a5b09e03a8878759a2d79eabed8391f6a18c3d3484a214e
10 1787135005.809 45 enode://8@127.0.0.1:1241 45 3424 0 3424 0.046875 0 1 53 abd4542ced766d338d25cc5183d80cabe2b78aa58cb94c9c4bbcdeb159ffa76c e3699950d133abe43144183fd86f52d4fbfba5a0b258773dc4c816a12ea44f6e
10 1787135005.81 46 enode://10@127.0.0.1:1243 46 3534 0 3534 0.046875 0 1 54 5439a1b12eb1740d0fccd6b2d8543516661b7c8612cbc87e7738d4629945c6c5 abd4542ced766d338d25cc5183d80cabe2b78aa58cb94c9c4bbcdeb159ffa76c
10 1787135005.81 47 enode://9@127.0.0.1:1242 47 3594 103 3697 0.046875 0 1 55 8dadd90a79a9eb58e69a36132ead60a1417df1d08d7b18f75ce791a2b4af9fc6 5439a1b12eb1740d0fccd6b2d8543516661b7c8612cbc87e7738d4629945c6c5
10 1787135005.81 48 enode://1@127.0.0.1:1234 48 3679 60 3739 0.046875 0 1 56 d500b4e802dbbc9428343b1be1f19163185b65a76bbc9357390b37a26d8cdd1a 8dadd90a79a9eb58e69a36132ead60a1417df1d08d7b18f75ce791a2b4af9fc6
10 1787135005.81 49 enode://3@127.0.0.1:1236 49 3789 13 3802 0.046875 0 1 57 9cf1f75c535c42b1de6139da88376d0f0eeb0da6b2952398ba48e7e9dafe6486 d500b4e802dbbc9428343b1be1f19163185b65a76bbc9357390b37a26d8cdd1a
10 1787135005.81 50 enode://5@127.0.0.1:1238 50 3924 4 3928 0.046875 0 1 58 2dec1ac6331285d48dd43300ad517319efec48d51e1a436ad1c2d0b3179a7854 9cf1f75c535c42b1de6139da88376d0f0eeb0da6b2952398ba48e7e9dafe6486
