ID TIME HEIGHT MINER BLOCK TIMESTAMP TELAPSED RECEPTION SIZE_KB TXS DIFF TDIFF HASH PHASH
14 1787182725.053 0 0 0 0 0 0 0.046875 0 0 0 81fb8017bc8e25abebf9587dfca5e4ec591f02f42d16180fdf3b6fc7cd0480b9 0
14 1787182725.053 1 enode://7@127.0.0.1:1240 1 10 33 43 0.046875 0 1 1 5373dc6c14781108813996d85628c5e80f012af3f7573ade6e560736bc68eab1 81fb8017bc8e25abebf9587dfca5e4ec591f02f42d16180fdf3b6fc7cd0480b9
14 1787182725.053 2 enode://6@127.0.0.1:1239 2 43 0 43 0.046875 45 1 2 baaf01e27f2732c6bdbabce2ddf9c765649df0a6fbe8c2b1d6de55746490768b 5373dc6c14781108813996d85628c5e80f012af3f7573ade6e560736bc68eab1
14 1787182725.053 3 enode://2@127.0.0.1:1235 3 64 0 64 0.046875 21 8 10 6e93395cdbd110e986fe1e648006c0f91de9c9c7880c1ecd306f6857957e0cc2 baaf01e27f2732c6bdbabce2ddf9c765649df0a6fbe8c2b1d6de55746490768b
14 1787182725.053 4 enode://14@127.0.0.1:1247 4 74 0 74 0.046875 3 7 17 ead4ba2309a8fc2378bd3c9e19af424b4d968791fae75f67f853471496f5dd04 6e93395cdbd110e986fe1e648006c0f91de9c9c7880c1ecd306f6857957e0cc2
14 1787182725.053 5 enode://4@127.0.0.1:1237 5 85 0 85 0.046875 0 6 23 e5c3e3fc6378f960574a1860fcbe0bccc44c83feb809f0f77f6fea212a8234c5 ead4ba2309a8fc2378bd3c9e19af424b4d968791fae75f67f853471496f5dd04
14 1787182725.053 6 enode://1@127.0.0.1:1234 6 106 0 106 0.046875 6 6 29 20d0a9fcdc33b7b3c01ace465631a39cd2da8f6e7dba620ae1b6f86c1909119a e5c3e3fc6378f960574a1860fcbe0bccc44c83feb809f0f77f6fea212a8234c5
14 1787182725.053 7 enode://8@127.0.0.1:1241 7 141 7 148 0.046875 78 1 30 328ef8f13126cc0bb1e22f6b8845319e8d1d85109cf3922d31badeee2baf56af 20d0a9fcdc33b7b3c01ace465631a39cd2da8f6e7dba620ae1b6f86c1909119a
14 1787182725.054 8 enode://11@127.0.0.1:1244 8 151 18 169 0.046875 25 5 35 78a613312edfcdba222b34ba25cf53eb19eb33f8755c315ac9c4e9abdcfc619f 328ef8f13126cc0bb1e22f6b8845319e8d1d85109cf3922d31badeee2baf56af
14 1787182725.054 9 enode://12@127.0.0.1:1245 9 169 0 169 0.046875 19 7 42 9b521fd085a14af6ecbd26f4c883304852e2d75c977997f9e428b40f1027dda5 78a613312edfcdba222b34ba25cf53eb19eb33f8755c315ac9c4e9abdcfc619f
14 1787182725.054 10 enode://15@127.0.0.1:1248 10 190 21 211 0.046875 20 4 46 45fee513830c968e22448c68b343d464e1fff24e4389c07055e1d1d8a88aa3c1 9b521fd085a14af6ecbd26f4c883304852e2d75c977997f9e428b40f1027dda5
14 1787182725.054 11 enode://5@127.0.0.1:1238 11 316 0 316 0.046875 42 3 49 bab1dbdc8ddd2119b1619b642d7bc2d3a062a46c0261ce583c4b0686c6cd460a 45fee513830c968e22448c68b343d464e1fff24e4389c07055e1d1d8a88aa3c1
14 1787182725.054 12 enode://13@127.0.0.1:1246 12 337 21 358 0.046875 49 4 53 32325fab1b4eb37c3af8ec88df4414fc5cce5e6a0e356b9993690f0683fea9c2 bab1dbdc8ddd2119b1619b642d7bc2d3a062a46c0261ce583c4b0686c6cd460a
14 1787182725.054 13 enode://14@127.0.0.1:1247 13 358 0 358 0.046875 14 4 57 763c82b46e38fe7f13a91b371adeb0c932f5ed423ce212a6d5a204dfdb0f120e 32325fab1b4eb37c3af8ec88df4414fc5cce5e6a0e356b9993690f0683fea9c2
14 1787182725.054 14 enode://7@127.0.0.1:1240 14 379 0 379 0.046875 13 3 60 fbccf7063c87601df58d7a62ea488c11ead0149857bae9eeed717a5fd472ca90 763c82b46e38fe7f13a91b371adeb0c932f5ed423ce212a6d5a204dfdb0f120e
14 1787182725.055 15 enode://4@127.0.0.1:1237 15 400 0 400 0.046875 33 2 62 fcb4a253699750cffdec630a2ab97c0fe0ad31586205728c00434cffa25cfa36 fbccf7063c87601df58d7a62ea488c11ead0149857bae9eeed717a5fd472ca90
14 1787182725.055 16 enode://8@127.0.0.1:1241 16 421 21 442 0.046875 53 7 69 be333a5939b7ad6f453ec22ba159b26e30e8ec18e15f60af89aae0719cfd7251 fcb4a253699750cffdec630a2ab97c0fe0ad31586205728c00434cffa25cfa36
14 1787182725.055 17 enode://11@127.0.0.1:1244 17 442 0 442 0.046875 4 6 75 06de523c03922c01e86dd7079becc2bf109610903eff08b4dc5f1c51cebbed77 be333a5939b7ad6f453ec22ba159b26e30e8ec18e15f60af89aae0719cfd7251
14 1787182725.055 18 enode://12@127.0.0.1:1245 18 452 11 463 0.046875 4 7 82 c5d98989e2416f7be4fb4c3254220b19eb628b0cfc4ce89482f6631cb8a88eef 06de523c03922c01e86dd7079becc2bf109610903eff08b4dc5f1c51cebbed77
14 1787182725.055 19 enode://15@127.0.0.1:1248 19 463 21 484 0.046875 36 4 86 5a70c0670c8b47f4b9080c24da70160dd375498c0e7d4565bf4923ad5b3cca11 c5d98989e2416f7be4fb4c3254220b19eb628b0cfc4ce89482f6631cb8a88eef
14 1787182725.055 20 enode://5@127.0.0.1:1238 20 505 0 505 0.046875 40 8 94 138863b2afbe4c05623e59c33e528aba261084bb6547a7fa2db957d50daefb0b 5a70c0670c8b47f4b9080c24da70160dd375498c0e7d4565bf4923ad5b3cca11
14 1787182725.055 21 enode://13@127.0.0.1:1246 21 515 11 526 0.046875 5 8 102 fffc59d76780149e2ddcbdabd386b48f5853e0487068f97f0bf7bc56f987fc3a 138863b2afbe4c05623e59c33e528aba261084bb6547a7fa2db957d50daefb0b
14 1787182725.056 22 enode://3@127.0.0.1:1236 22 547 0 547 0.046875 58 7 109 34649a359f780782f1fbc5ab7e605e5f7b5729e8221b59b26433e1cca196808d fffc59d76780149e2ddcbdabd386b48f5853e0487068f97f0bf7bc56f987fc3a
14 1787182725.056 23 enode://14@127.0.0.1:1247 23 557 0 557 0.046875 21 6 115 c234e2943d41d8fc6a118e981e622e6b4a57223b9aad6bdb61399ff493a09147 34649a359f780782f1fbc5ab7e605e5f7b5729e8221b59b26433e1cca196808d
14 1787182725.056 24 enode://4@127.0.0.1:1237 24 568 0 568 0.046875 0 4 119 236fbb60df91c64e6810e9a909a0a0c895b25edddf12a9c9f6830057eb1db31f c234e2943d41d8fc6a118e981e622e6b4a57223b9aad6bdb61399ff493a09147
14 1787182725.056 25 enode://8@127.0.0.1:1241 25 589 0 589 0.046875 34 6 125 ed1df55a869cb5736805d36de839044bf086fbfb0595988d478545d4343bff7c 236fbb60df91c64e6810e9a909a0a0c895b25edddf12a9c9f6830057eb1db31f
14 1787182725.056 26 enode://11@127.0.0.1:1244 26 599 11 610 0.046875 0 4 129 f7c0eb04ab9af827aba3ec4736c1407b869242ddc2ed4a11314a2a17f90a7b64 ed1df55a869cb5736805d36de839044bf086fbfb0595988d478545d4343bff7c
14 1787182725.056 27 enode://12@127.0.0.1:1245 27 610 0 610 0.046875 44 5 134 5da517da8e58c2d7d04ec9fb6ba7ed8cdd595d1687e5189ebe948ec274d670a3 f7c0eb04ab9af827aba3ec4736c1407b869242ddc2ed4a11314a2a17f90a7b64
14 1787182725.056 28 enode://15@127.0.0.1:1248 28 620 11 631 0.046875 3 3 137 1e5d179feadf6c2791070f63402241c8c9abf58201b231d1159287bec3a2c79e 5da517da8e58c2d7d04ec9fb6ba7ed8cdd595d1687e5189ebe948ec274d670a3
14 1787182725.057 29 enode://5@127.0.0.1:1238 29 652 0 652 0.046875 28 7 144 33f9870355579f6305f1ceb2fefb6f8a0dec8b76c23f76f81120fd96f5c89645 1e5d179feadf6c2791070f63402241c8c9abf58201b231d1159287bec3a2c79e
14 1787182725.057 30 enode://13@127.0.0.1:1246 30 662 11 673 0.046875 4 5 149 0bc0565f1440c9fdc40876e45a4a134b173ea1166c7d221642fefa20e2559152 33f9870355579f6305f1ceb2fefb6f8a0dec8b76c23f76f81120fd96f5c89645
14 1787182725.057 31 enode://3@127.0.0.1:1236 31 673 0 673 0.046875 7 4 153 f698cebdf503498bc6bbe42af00895f70a2c7caf1b5809a74828f3bcad5f2353 0bc0565f1440c9fdc40876e45a4a134b173ea1166c7d221642fefa20e2559152
14 1787182725.057 32 enode://14@127.0.0.1:1247 32 683 0 683 0.046875 21 6 159 763a170b5536a4521c3a43e8d9cca883c6ee2e3a24a0c65842e5ae3197df5747 f698cebdf503498bc6bbe42af00895f70a2c7caf1b5809a74828f3bcad5f2353
14 1787182725.057 33 enode://4@127.0.0.1:1237 33 694 0 694 0.046875 27 5 164 9034e80b9034574effcc6b48e282b91fca0958a6550d786e8d4f8fa4f25618c0 763a170b5536a4521c3a43e8d9cca883c6ee2e3a24a0c65842e5ae3197df5747
14 1787182725.057 34 enode://8@127.0.0.1:1241 34 715 42 757 0.046875 6 2 166 9a801a6777754a49aedc8451d8eeac02dd51eacd4065a59d790388fc2edbdeb5 9034e80b9034574effcc6b48e282b91fca0958a6550d786e8d4f8fa4f25618c0
14 1787182725.057 35 enode://1@127.0.0.1:1234 35 757 21 778 0.046875 20 2 168 a6135949dedc573548b52c9c78998c9111cf3519d4b678ed8095748809287d29 9a801a6777754a49aedc8451d8eeac02dd51eacd4065a59d790388fc2edbdeb5
14 1787182725.058 36 enode://12@127.0.0.1:1245 36 778 0 778 0.046875 75 6 174 5e7b8468937aa6670f6d3651abe7dea1376e10f4662dbcd4b11441f2d32427ba a6135949dedc573548b52c9c78998c9111cf3519d4b678ed8095748809287d29
14 1787182725.058 37 enode://15@127.0.0.1:1248 37 788 11 799 0.046875 3 5 179 dad7d2401a479bc55a5a27a30e79f36fea126238dd61c1bd8cca02f6f0607fd8 5e7b8468937aa6670f6d3651abe7dea1376e10f4662dbcd4b11441f2d32427ba
14 1787182725.058 38 enode://5@127.0.0.1:1238 38 799 0 799 0.046875 28 5 184 782405499a4680d77ba28d5df4a58d53ff924ed9bffab79fc18dfd76b3c55c5d dad7d2401a479bc55a5a27a30e79f36fea126238dd61c1bd8cca02f6f0607fd8
14 1787182725.058 39 enode://13@127.0.0.1:1246 39 809 11 820 0.046875 0 5 189 ec96da8c46239f206b689f5acabb75bd58ab58e6b12960a2ad6eca2e042dd37b 782405499a4680d77ba28d5df4a58d53ff924ed9bffab79fc18dfd76b3c55c5d
14 1787182725.058 40 enode://3@127.0.0.1:1236 40 820 0 820 0.046875 27 7 196 e11c85c1725174d4f7089a8a530e4b5ac27ab6a0983b7bce2129f264b7d370cf ec96da8c46239f206b689f5acabb75bd58ab58e6b12960a2ad6eca2e042dd37b
14 1787182725.058 41 enode://14@127.0.0.1:1247 41 830 0 830 0.046875 12 7 203 5450af3657341c5724e670cab01e572eb710a552876a32813eec2a0645dbf092 e11c85c1725174d4f7089a8a530e4b5ac27ab6a0983b7bce2129f264b7d370cf
14 1787182725.058 42 enode://10@127.0.0.1:1243 42 841 21 862 0.046875 16 7 210 9625c284d53069c55bc132b9f40068a262a3212cf40b4dd51ec448e1339eca21 5450af3657341c5724e670cab01e572eb710a552876a32813eec2a0645dbf092
14 1787182725.058 43 enode://4@127.0.0.1:1237 43 862 0 862 0.046875 0 4 214 532f76c899260dd4490976c7a3cbab08621859b04829f6d4166c0e3c3924f854 9625c284d53069c55bc132b9f40068a262a3212cf40b4dd51ec448e1339eca21
14 1787182725.059 44 enode://1@127.0.0.1:1234 44 883 21 904 0.046875 45 3 217 560a6cd0790c0de54fb08739ffb536c90d8851b26b4fbb3fa3f7f25c4b6a6501 532f76c899260dd4490976c7a3cbab08621859b04829f6d4166c0e3c3924f854
14 1787182725.059 45 enode://2@127.0.0.1:1235 45 946 294 1240 0.046875 19 4 221 c32ebf94699f9834e31ffa112ae93b8700be84d3d35565f3161b091ab2f31513 560a6cd0790c0de54fb08739ffb536c90d8851b26b4fbb3fa3f7f25c4b6a6501
14 1787182725.059 46 enode://7@127.0.0.1:1240 46 981 259 1240 0.046875 27 5 226 1eff2ceb26bff9d1ffa77272e17ea0bebd5459f51cf09bc2a38eaec77cf8db34 c32ebf94699f9834e31ffa112ae93b8700be84d3d35565f3161b091ab2f31513
14 1787182725.059 47 enode://11@127.0.0.1:1244 47 1009 231 1240 0.046875 11 4 230 a0c92c293ff9f67dc19c2e641051eec7dba9d7b36adde74b983b80ab4b3ba14b 1eff2ceb26bff9d1ffa77272e17ea0bebd5459f51cf09bc2a38eaec77cf8db34
14 1787182725.059 48 enode://6@127.0.0.1:1239 48 1030 210 1240 0.046875 14 4 234 22c2b1270a378a54b6f107bf747bd05962c60e7c41f62bfd392197fd09bff6f7 a0c92c293ff9f67dc19c2e641051eec7dba9d7b36adde74b983b80ab4b3ba14b
14 1787182725.059 49 enode://15@127.0.0.1:1248 49 1040 200 1240 0.046875 0 4 238 73abe43ebd4e64d86ed17bbfe26cc54040004e273b206944e8e45180e2f47019 22c2b1270a378a54b6f107bf747bd05962c60e7c41f62bfd392197fd09bff6f7
14 1787182725.059 50 enode://3@127.0.0.1:1236 50 1072 168 1240 0.046875 19 1 239 1448109e8a9a03a9a20b21f25ec0d5765144ece8a86314187f6627d633a17868 73abe43ebd4e64d86ed17bbfe26cc54040004e273b206944e8e45180e2f47019
14 1787182725.06 51 enode://8@127.0.0.1:1241 51 1082 158 1240 0.046875 8 5 244 21e5a6389e8ffbed80267a85efc8f95d948b5743d73e5b6c9869fe7a61bde0e0 1448109e8a9a03a9a20b21f25ec0d5765144ece8a86314187f6627d633a17868
14 1787182725.06 52 enode://12@127.0.0.1:1245 52 1156 84 1240 0.046875 89 1 245 e65743d0f853ca761105a229e4928fbe8d6754150bf761c26077b21058929eaf 21e5a6389e8ffbed80267a85efc8f95d948b5743d73e5b6c9869fe7a61bde0e0
14 1787182725.06 53 enode://10@127.0.0.1:1243 53 1191 49 1240 0.046875 9 3 248 4ca613d7771f1d15b738e8770e44800d9cff1554b76ddf2ad39522c073f1973c e65743d0f853ca761105a229e4928fbe8d6754150bf761c26077b21058929eaf
14 1787182725.06 54 enode://1@127.0.0.1:1234 54 1240 189 1429 0.046875 83 3 251 b816dfdf27f3e63d0b8e15d4783152061f2d77a30326a0009381afcb073a8950 4ca613d7771f1d15b738e8770e44800d9cff1554b76ddf2ad39522c073f1973c
14 1787182725.06 55 enode://2@127.0.0.1:1235 55 1250 179 1429 0.046875 6 6 257 e64ef24f27d5e08a3305f7b32cd82270d4974b832013ddc41f803014bf163198 b816dfdf27f3e63d0b8e15d4783152061f2d77a30326a0009381afcb073a8950
14 1787182725.06 56 enode://7@127.0.0.1:1240 56 1261 168 1429 0.046875 22 4 261 4adbe1d576f9ce0dc609e9ca213ed378bb97e8857c1bd82558eb8388eac26dba e64ef24f27d5e08a3305f7b32cd82270d4974b832013ddc41f803014bf163198
14 1787182725.06 57 enode://11@127.0.0.1:1244 57 1296 154 1450 0.046875 10 4 265 2ad3ee0963e59f3ae0b3c2dad5d15142c645a8f76f2ce4e5079e8acce4f725ea 4adbe1d576f9ce0dc609e9ca213ed378bb97e8857c1bd82558eb8388eac26dba
14 1787182725.061 58 enode://15@127.0.0.1:1248 58 1331 119 1450 0.046875 38 4 269 d3fe52fe8c9738eb28a6fa9a9ce8ae51a83c14dd74602c214706fa33024d9935 2ad3ee0963e59f3ae0b3c2dad5d15142c645a8f76f2ce4e5079e8acce4f725ea
14 1787182725.061 59 enode://3@127.0.0.1:1236 59 1345 105 1450 0.046875 0 6 275 2c04d7ed178e2d7ccffa69abce5b5171b3d89e9adde098b73659956f1096f833 d3fe52fe8c9738eb28a6fa9a9ce8ae51a83c14dd74602c214706fa33024d9935
14 1787182725.061 60 enode://4@127.0.0.1:1237 60 1450 84 1534 0.046875 101 1 276 d84b331f89a7d8ac393d455bfe8bb624cf2dbde00192e67a37e9571aef2df50f 2c04d7ed178e2d7ccffa69abce5b5171b3d89e9adde098b73659956f1096f833
14 1787182725.061 61 enode://14@127.0.0.1:1247 61 1510 24 1534 0.046875 48 4 280 502b551b688c98d51b32823fe4cf90b40f3264d24dce6d22350d0a87306946ea d84b331f89a7d8ac393d455bfe8bb624cf2dbde00192e67a37e9571aef2df50f
14 1787182725.061 62 enode://8@127.0.0.1:1241 62 1520 14 1534 0.046875 8 6 286 4dddb9139b7b33640262ce4c16b8bbbbc2ad2701add39156893e99fbe5a89c04 502b551b688c98d51b32823fe4cf90b40f3264d24dce6d22350d0a87306946ea
14 1787182725.061 63 enode://5@127.0.0.1:1238 63 1534 0 1534 0.046875 6 5 291 808104dd58478981ede2b10a1e05710fa19d2ae52110d5692392d5c7d48a0b2e 4dddb9139b7b33640262ce4c16b8bbbbc2ad2701add39156893e99fbe5a89c04
14 1787182725.062 64 enode://13@127.0.0.1:1246 64 1594 150 1744 0.046875 53 1 292 63857e937c953d675584b23f0e0c347fd21b861bb3149d673b3fbd2b9f2b18c0 808104dd58478981ede2b10a1e05710fa19d2ae52110d5692392d5c7d48a0b2e
14 1787182725.062 65 enode://10@127.0.0.1:1243 65 1604 140 1744 0.046875 8 5 297 bc68f146cda8b7bd5159f85fae0f2501faccda33866a7dda021f0bea86b19d31 63857e937c953d675584b23f0e0c347fd21b861bb3149d673b3fbd2b9f2b18c0
14 1787182725.062 66 enode://2@127.0.0.1:1235 66 1618 126 1744 0.046875 9 4 301 e7741ead0332ebc87e936ef820e5e9580b6bf586506456800a0b50e80d1d4fd5 bc68f146cda8b7bd5159f85fae0f2501faccda33866a7dda021f0bea86b19d31
14 1787182725.062 67 enode://12@127.0.0.1:1245 67 1639 105 1744 0.046875 26 5 306 804ad43e47c44945fc9dc931ef1f08ebf16989ef9a7b4e2b44d4eb0f921f36fc e7741ead0332ebc87e936ef820e5e9580b6bf586506456800a0b50e80d1d4fd5
14 1787182725.062 68 enode://7@127.0.0.1:1240 68 1660 84 1744 0.046875 13 5 311 1c5cd7ee0fab501359ccdac376ad40078514b85ca1bb0583c53c11aeb3fa5618 804ad43e47c44945fc9dc931ef1f08ebf16989ef9a7b4e2b44d4eb0f921f36fc
14 1787182725.062 69 enode://4@127.0.0.1:1237 69 1681 63 1744 0.046875 20 5 316 5939e7d387f869ebda1bf866012ff4274a236784f08fc19b5878c0402e7166a5 1c5cd7ee0fab501359ccdac376ad40078514b85ca1bb0583c53c11aeb3fa5618
14 1787182725.062 70 enode://15@127.0.0.1:1248 70 1702 42 1744 0.046875 5 3 319 3640c2579833b9810a595460c9f95abd7ea0c9582e0eea7beb220b4af42c2b76 5939e7d387f869ebda1bf866012ff4274a236784f08fc19b5878c0402e7166a5
14 1787182725.063 71 enode://9@127.0.0.1:1242 71 1723 21 1744 0.046875 41 3 322 7702ba3a3ece5c96da3e75d3846d14807ed03f6416d3463dd1a25f94dc37dbb5 3640c2579833b9810a595460c9f95abd7ea0c9582e0eea7beb220b4af42c2b76
14 1787182725.063 72 enode://5@127.0.0.1:1238 72 1744 21 1765 0.046875 27 3 325 6a938e5fa2a6a8b01f1c43e77b351adf492ea813fa51d4c70dc65afa0fd856fd 7702ba3a3ece5c96da3e75d3846d14807ed03f6416d3463dd1a25f94dc37dbb5
14 1787182725.063 73 enode://1@127.0.0.1:1234 73 1807 273 2080 0.046875 42 3 328 94e6ee949177275802853ae647285985db9e16ad5e2cf249726baeb098261bf5 6a938e5fa2a6a8b01f1c43e77b351adf492ea813fa51d4c70dc65afa0fd856fd
14 1787182725.063 74 enode://8@127.0.0.1:1241 74 1817 263 2080 0.046875 0 5 333 9701e87cb4fc2f326d46214a814111fc4b5ea6313176a2386d4e8fad8beb6c9c 94e6ee949177275802853ae647285985db9e16ad5e2cf249726baeb098261bf5
14 1787182725.063 75 enode://2@127.0.0.1:1235 75 1828 252 2080 0.046875 0 5 338 513636b9ff227630d12a15499967753b49f56ed21418c1f946d9e8bb78dc5949 9701e87cb4fc2f326d46214a814111fc4b5ea6313176a2386d4e8fad8beb6c9c
14 1787182725.063 76 enode://3@127.0.0.1:1236 76 1863 217 2080 0.046875 14 1 339 aa697ca6488a8e41ebb1c4227c938dbbaa83fe281b3c2f23b29049beaae2d486 513636b9ff227630d12a15499967753b49f56ed21418c1f946d9e8bb78dc5949
14 1787182725.063 77 enode://7@127.0.0.1:1240 77 1873 207 2080 0.046875 24 4 343 207e6a2de89e94a894664ccc32c8db752a828cd03811236843b88fba4d715eac aa697ca6488a8e41ebb1c4227c938dbbaa83fe281b3c2f23b29049beaae2d486
14 1787182725.064 78 enode://11@127.0.0.1:1244 78 1933 147 2080 0.046875 28 1 344 775ee98f17242e31a8680d08d6ff9216027d2eed706e0d1f05cbd7518cc48bd9 207e6a2de89e94a894664ccc32c8db752a828cd03811236843b88fba4d715eac
14 1787182725.064 79 enode://15@127.0.0.1:1248 79 1968 112 2080 0.046875 27 1 345 bce4a991831f776be1addc45294fb9643c2731b90b59af8d99c7f8d4f7f55720 775ee98f17242e31a8680d08d6ff9216027d2eed706e0d1f05cbd7518cc48bd9
14 1787182725.064 80 enode://9@127.0.0.1:1242 80 2059 21 2080 0.046875 103 1 346 1cc81dc41c90c41130416c195cbd77860aed5f0eb8082270003eb58e7b859911 bce4a991831f776be1addc45294fb9643c2731b90b59af8d99c7f8d4f7f55720
14 1787182725.064 81 enode://12@127.0.0.1:1245 81 2094 91 2185 0.046875 16 3 349 f12d362d4ed119c3fce1a47d08b0bb2687cfda5537551ad0bfa6198b82b61abe 1cc81dc41c90c41130416c195cbd77860aed5f0eb8082270003eb58e7b859911
14 1787182725.064 82 enode://1@127.0.0.1:1234 82 2104 81 2185 0.046875 12 7 356 6f7216cdd3187514de348f2b0cfc972d5e1ecdd00b0f5675a4e8a283a282faf6 f12d362d4ed119c3fce1a47d08b0bb2687cfda5537551ad0bfa6198b82b61abe
14 1787182725.064 83 enode://13@127.0.0.1:1246 83 2122 63 2185 0.046875 0 4 360 0d8bc809fe1fe83700c13d0b1304aff0cb8ee5f36e3046309a4b9a3f6a3e3b69 6f7216cdd3187514de348f2b0cfc972d5e1ecdd00b0f5675a4e8a283a282faf6
14 1787182725.064 84 enode://4@127.0.0.1:1237 84 2182 45 2227 0.046875 89 1 361 a85268ec359d0a75404156758bafa92783bf04018cf5d0da4cf76aff4a0a8ffc 0d8bc809fe1fe83700c13d0b1304aff0cb8ee5f36e3046309a4b9a3f6a3e3b69
14 1787182725.065 85 enode://3@127.0.0.1:1236 85 2217 52 2269 0.046875 22 3 364 c63f55c04fd504f25596ffc0bbcd0d8e8a29fa81f929e4ce9da16764530d4fbc a85268ec359d0a75404156758bafa92783bf04018cf5d0da4cf76aff4a0a8ffc
14 1787182725.065 86 enode://5@127.0.0.1:1238 86 2227 42 2269 0.046875 11 4 368 9f5748c8c10d38f5f95a67811595e7452f733b5ab9d58cb01e91fb0e4ce2e03b c63f55c04fd504f25596ffc0bbcd0d8e8a29fa81f929e4ce9da16764530d4fbc
14 1787182725.065 87 enode://14@127.0.0.1:1247 87 2287 0 2287 0.046875 21 1 369 4159b0430944bf5e0f6aadad6daa2de1db4554b84027471ce52dcf3cc296ebea 9f5748c8c10d38f5f95a67811595e7452f733b5ab9d58cb01e91fb0e4ce2e03b
14 1787182725.065 88 enode://15@127.0.0.1:1248 88 2297 14 2311 0.046875 6 5 374 ab9ef7444a23db1cb0d86acbbb2c03919d0e873fb283fee3461e9b5a18f98399 4159b0430944bf5e0f6aadad6daa2de1db4554b84027471ce52dcf3cc296ebea
14 1787182725.065 89 enode://2@127.0.0.1:1235 89 2311 0 2311 0.046875 8 3 377 c43bf399bb9090141fae908fe7de129e4321e9a20955f5391bba4cd634595c36 ab9ef7444a23db1cb0d86acbbb2c03919d0e873fb283fee3461e9b5a18f98399
14 1787182725.065 90 enode://11@127.0.0.1:1244 90 2332 0 2332 0.046875 2 3 380 de41e5f9f6896b69f5d9a988f3e51e7e45c1e22e515a0658cb19066022b663f0 c43bf399bb9090141fae908fe7de129e4321e9a20955f5391bba4cd634595c36
14 1787182725.065 91 enode://7@127.0.0.1:1240 91 2416 21 2437 0.046875 147 1 381 9ad80c987ea50911debfe45fee9af5fd26fe435f3f5da7608b7e3a6d33b0d8d3 de41e5f9f6896b69f5d9a988f3e51e7e45c1e22e515a0658cb19066022b663f0
14 1787182725.065 92 enode://1@127.0.0.1:1234 92 2437 0 2437 0.046875 12 8 389 e65e9b267c2b117014364e3a10d58c45c75740935a035471c8d3e7e334f96bdf 9ad80c987ea50911debfe45fee9af5fd26fe435f3f5da7608b7e3a6d33b0d8d3
14 1787182725.065 93 enode://13@127.0.0.1:1246 93 2447 11 2458 0.046875 10 5 394 0c8800f5e8d60ed3c4b316da1077173d0db08f78ca428da975c1a15bd4eaea26 e65e9b267c2b117014364e3a10d58c45c75740935a035471c8d3e7e334f96bdf
14 1787182725.066 94 enode://10@127.0.0.1:1243 94 2458 126 2584 0.046875 5 3 397 bee55805ed5a7da574123530189ee66222ff4c9eeff3cd2e627503a7fe460bc5 0c8800f5e8d60ed3c4b316da1077173d0db08f78ca428da975c1a15bd4eaea26
14 1787182725.066 95 enode://6@127.0.0.1:1239 95 2493 91 2584 0.046875 8 2 399 6e2e1f963a192524a9f76c901704d49d8fe4fe2d6b93578df4fd4e53402cb721 bee55805ed5a7da574123530189ee66222ff4c9eeff3cd2e627503a7fe460bc5
14 1787182725.066 96 enode://5@127.0.0.1:1238 96 2521 63 2584 0.046875 32 5 404 4b8145ba151138f1f947bd83b07336962d2e76a4472fa07c443efee5c1db6c0b 6e2e1f963a192524a9f76c901704d49d8fe4fe2d6b93578df4fd4e53402cb721
14 1787182725.066 97 enode://9@127.0.0.1:1242 97 2563 21 2584 0.046875 8 3 407 21319f1bfadc194d84930cf2f2b6b6b8c86151506ce9a94aece1b3afb64b6aff 4b8145ba151138f1f947bd83b07336962d2e76a4472fa07c443efee5c1db6c0b
14 1787182725.066 98 enode://3@127.0.0.1:1236 98 2626 0 2626 0.046875 91 2 409 32157b0f813f38737bff11e8a9e8e02c2841cbb24f06750c61997079083b0495 21319f1bfadc194d84930cf2f2b6b6b8c86151506ce9a94aece1b3afb64b6aff
14 1787182725.066 99 enode://14@127.0.0.1:1247 99 2636 0 2636 0.046875 0 7 416 4eaddc9add951f631c9f3445a1b7892d601f9f3332635b35e00e9f8d7357f18c 32157b0f813f38737bff11e8a9e8e02c2841cbb24f06750c61997079083b0495
14 1787182725.066 100 enode://8@127.0.0.1:1241 100 2647 0 2647 0.046875 39 5 421 02bf9bb7fa3892f543baf0fdd795f6b83108199e02a8a328fa92bd96101f657e 4eaddc9add951f631c9f3445a1b7892d601f9f3332635b35e00e9f8d7357f18c
14 1787182725.066 101 enode://1@127.0.0.1:1234 101 2668 0 2668 0.046875 1 6 427 f7c34ea92a9086dd502db20b354ba82866511823ca0cf7b9af1f9202a4661347 02bf9bb7fa3892f543baf0fdd795f6b83108199e02a8a328fa92bd96101f657e
14 1787182725.066 102 enode://12@127.0.0.1:1245 102 2678 32 2710 0.046875 2 4 431 4d5a260b75706baae421392850868cfba6d5e65de8bb806d011b9a38bdef624d f7c34ea92a9086dd502db20b354ba82866511823ca0cf7b9af1f9202a4661347
14 1787182725.066 103 enode://10@127.0.0.1:1243 103 2689 21 2710 0.046875 4 4 435 6c9865465fbda7f3fad4b25d4e0ffdc3d2029f43e1eea306a240cec6726e44b7 4d5a260b75706baae421392850868cfba6d5e65de8bb806d011b9a38bdef624d
14 1787182725.067 104 enode://4@127.0.0.1:1237 104 2710 0 2710 0.046875 22 3 438 379528447591ce7614e029befb28e5ca637ae5b5efd4bce39426755f5318ecd8 6c9865465fbda7f3fad4b25d4e0ffdc3d2029f43e1eea306a240cec6726e44b7
14 1787182725.067 105 enode://11@127.0.0.1:1244 105 2731 63 2794 0.046875 32 3 441 77f5eb66615f7a4353c6705fa7e646171521a0c8730e061ff762cea2b00a3e08 379528447591ce7614e029befb28e5ca637ae5b5efd4bce39426755f5318ecd8
14 1787182725.067 106 enode://5@127.0.0.1:1238 106 2752 168 2920 0.046875 0 4 445 ff2cc27c431952322e12eb11a8460136b167df080859ac684987518251af3b4b 77f5eb66615f7a4353c6705fa7e646171521a0c8730e061ff762cea2b00a3e08
14 1787182725.067 107 enode://6@127.0.0.1:1239 107 2787 133 2920 0.046875 8 2 447 30b0667391e5a6a7d93f08b6c358ba0297e366fa8ea55c18d66eff791de57e36 ff2cc27c431952322e12eb11a8460136b167df080859ac684987518251af3b4b
14 1787182725.067 108 enode://7@127.0.0.1:1240 108 2797 123 2920 0.046875 16 3 450 f5dc17b8a4c437e5d019cca01fd148a8507635de3ff6568fa470becebebc37b2 30b0667391e5a6a7d93f08b6c358ba0297e366fa8ea55c18d66eff791de57e36
14 1787182725.067 109 enode://1@127.0.0.1:1234 109 2907 13 2920 0.046875 23 1 451 0da9e63b00c6f77765072e985d25fc514e1d4a8e6818bc0f1e467ff24cd6b0a5 f5dc17b8a4c437e5d019cca01fd148a8507635de3ff6568fa470becebebc37b2
14 1787182725.067 110 enode://3@127.0.0.1:1236 110 2967 79 3046 0.046875 65 1 452 3b787b62991ed2081bb7d4f328cc5c2954380bb8e931d946f493725fc2c6be9b 0da9e63b00c6f77765072e985d25fc514e1d4a8e6818bc0f1e467ff24cd6b0a5
14 1787182725.067 111 enode://13@127.0.0.1:1246 111 2983 63 3046 0.046875 39 3 455 94ed2f496d410696c45ce4a57f67200c4a7c67b5939cf87f4625c7ac55197a22 3b787b62991ed2081bb7d4f328cc5c2954380bb8e931d946f493725fc2c6be9b
14 1787182725.067 112 enode://10@127.0.0.1:1243 112 3004 42 3046 0.046875 27 5 460 a08c8c9b8885e1521eb99b767c7ad2aa7f53c4438d146bba1bfc02f21f3ee158 94ed2f496d410696c45ce4a57f67200c4a7c67b5939cf87f4625c7ac55197a22
14 1787182725.067 113 enode://8@127.0.0.1:1241 113 3025 168 3193 0.046875 28 4 464 98654a250119c995a04bb185a8840831252e7d1087ec57296661c4be1c644395 a08c8c9b8885e1521eb99b767c7ad2aa7f53c4438d146bba1bfc02f21f3ee158
14 1787182725.067 114 enode://11@127.0.0.1:1244 114 3035 158 3193 0.046875 6 6 470 fd9ec93883453832359d9a15b3ab149ec247d9fcdba94c052e5ebe405090edd9 98654a250119c995a04bb185a8840831252e7d1087ec57296661c4be1c644395
14 1787182725.067 115 enode://4@127.0.0.1:1237 115 3046 147 3193 0.046875 26 2 472 2daa7be21323e6fb9552d64c6b91f8a2ed923e439d0422cfe73b1a311665d6c8 fd9ec93883453832359d9a15b3ab149ec247d9fcdba94c052e5ebe405090edd9
14 1787182725.067 116 enode://15@127.0.0.1:1248 116 3081 112 3193 0.046875 36 5 477 ca61a7799af8298a49e5ae87ff61db44dff2750f7868581c5dfac788e1201a54 2daa7be21323e6fb9552d64c6b91f8a2ed923e439d0422cfe73b1a311665d6c8
14 1787182725.067 117 enode://2@127.0.0.1:1235 117 3109 84 3193 0.046875 18 8 485 801d2d2fb1b8f68bf9ac5b738d8db7edf84285aa4fb612e8d1a320d7d933715d ca61a7799af8298a49e5ae87ff61db44dff2750f7868581c5dfac788e1201a54
14 1787182725.067 118 enode://7@127.0.0.1:1240 118 3119 74 3193 0.046875 1 4 489 d2904560ac5a0b17e5ec733389042c30e44f29231be962f22162435621640903 801d2d2fb1b8f68bf9ac5b738d8db7edf84285aa4fb612e8d1a320d7d933715d
14 1787182725.067 119 enode://6@127.0.0.1:1239 119 3130 63 3193 0.046875 44 4 493 27aaa4b89d0439dcb5a6e437b2c6f6968de581de7d2b01990a69102ea07bf94b d2904560ac5a0b17e5ec733389042c30e44f29231be962f22162435621640903
14 1787182725.068 120 enode://1@127.0.0.1:1234 120 3172 21 3193 0.046875 25 5 498 9851f8e82e4a4ffc2db94c502b5a2ee291651ca30715d3e9a25799a4ac4771b4 27aaa4b89d0439dcb5a6e437b2c6f6968de581de7d2b01990a69102ea07bf94b
14 1787182725.068 121 enode://13@127.0.0.1:1246 121 3182 11 3193 0.046875 7 6 504 a2abea5ff969890be2df6226f90e4efbaeb363da8d4ec19d578bee03760d730c 9851f8e82e4a4ffc2db94c502b5a2ee291651ca30715d3e9a25799a4ac4771b4
14 1787182725.068 122 enode://8@127.0.0.1:1241 122 3193 0 3193 0.046875 12 3 507 de82405c966940d34312c007dc5cd67d9261e90dd43a038879de6bad0d888285 a2abea5ff969890be2df6226f90e4efbaeb363da8d4ec19d578bee03760d730c
14 1787182725.068 123 enode://14@127.0.0.1:1247 123 3228 0 3228 0.046875 38 5 512 3170ba8c21140ea7148e283ad55f386c0ca44959bdeda37d32688d2075768303 de82405c966940d34312c007dc5cd67d9261e90dd43a038879de6bad0d888285
14 1787182725.068 124 enode://4@127.0.0.1:1237 124 3238 18 3256 0.046875 0 7 519 9798e833ed30ccc8aa41ee184a0de734d6ce5d1c6c5bacf38219c0c6f6f6acb7 3170ba8c21140ea7148e283ad55f386c0ca44959bdeda37d32688d2075768303
14 1787182725.068 125 enode://3@127.0.0.1:1236 125 3277 0 3277 0.046875 32 4 523 5b5b857590ca06dc6558f83bb3ce54160d3f5feba9c1585028b7594e0d029cda 9798e833ed30ccc8aa41ee184a0de734d6ce5d1c6c5bacf38219c0c6f6f6acb7
14 1787182725.068 126 enode://10@127.0.0.1:1243 126 3298 0 3298 0.046875 22 5 528 e4ddee3e9602cf6aa27f34ba59ae3e0984813cacb12eb939ed23bd0780ed36f9 5b5b857590ca06dc6558f83bb3ce54160d3f5feba9c1585028b7594e0d029cda
14 1787182725.068 127 enode://2@127.0.0.1:1235 127 3319 21 3340 0.046875 3 4 532 97dd800869825e88fd30d048aae176101228b9e943f7a37d34a71c06b95bc450 e4ddee3e9602cf6aa27f34ba59ae3e0984813cacb12eb939ed23bd0780ed36f9
14 1787182725.068 128 enode://11@127.0.0.1:1244 128 3340 0 3340 0.046875 47 3 535 da856d1ef58509f171ca84b387c2486dce1d46d09ae1c879a80e01c0903aa1c7 97dd800869825e88fd30d048aae176101228b9e943f7a37d34a71c06b95bc450
14 1787182725.068 129 enode://12@127.0.0.1:1245 129 3350 32 3382 0.046875 0 4 539 f812e0310245af8cf533769c17228d288581917f0f9fd513f01646cedda320c6 da856d1ef58509f171ca84b387c2486dce1d46d09ae1c879a80e01c0903aa1c7
14 1787182725.068 130 enode://13@127.0.0.1:1246 130 3361 21 3382 0.046875 36 4 543 0733c7a050c7895d65a09e7595d86c67c11333e5c0cbc8e7a6e11698b08e0b25 f812e0310245af8cf533769c17228d288581917f0f9fd513f01646cedda320c6
14 1787182725.068 131 enode://8@127.0.0.1:1241 131 3403 231 3634 0.046875 13 4 547 6ba764a70a584f9040a662063b1ab03b6e31276646f5c2688fc2d787741332f9 0733c7a050c7895d65a09e7595d86c67c11333e5c0cbc8e7a6e11698b08e0b25
14 1787182725.068 132 enode://6@127.0.0.1:1239 132 3445 189 3634 0.046875 35 3 550 6f4a6975978cf30bb1500780294e5701643bb9e539c9083c7d8e64792ff6a2ef 6ba764a70a584f9040a662063b1ab03b6e31276646f5c2688fc2d787741332f9
14 1787182725.068 133 enode://4@127.0.0.1:1237 133 3466 168 3634 0.046875 21 7 557 0ba1bb83f1cdc17d365b2fc9af6da0b2d764443c5822af67a186f455757152e1 6f4a6975978cf30bb1500780294e5701643bb9e539c9083c7d8e64792ff6a2ef
14 1787182725.068 134 enode://7@127.0.0.1:1240 134 3476 158 3634 0.046875 8 3 560 496a01be9239acb90f61ac24d542e97bc44f1623d8117edd2545f49781218702 0ba1bb83f1cdc17d365b2fc9af6da0b2d764443c5822af67a186f455757152e1
14 1787182725.068 135 enode://10@127.0.0.1:1243 135 3508 126 3634 0.046875 19 2 562 9f5aa179ca427d4ba30ff2520fef27a6ba95387fcdbd36bb0a487ce30135202b 496a01be9239acb90f61ac24d542e97bc44f1623d8117edd2545f49781218702
14 1787182725.068 136 enode://2@127.0.0.1:1235 136 3529 105 3634 0.046875 18 5 567 0a620c30222b355edd89b718bdfa565d765bee06ba80e1359bc3827b5f25535b 9f5aa179ca427d4ba30ff2520fef27a6ba95387fcdbd36bb0a487ce30135202b
14 1787182725.068 137 enode://9@127.0.0.1:1242 137 3539 95 3634 0.046875 6 3 570 0d9ebf9fd1e1f5b921f6b84623d0aee6183719e4fdba3d82636596c0e7c54e80 0a620c30222b355edd89b718bdfa565d765bee06ba80e1359bc3827b5f25535b
14 1787182725.068 138 enode://14@127.0.0.1:1247 138 3634 0 3634 0.046875 71 1 571 28af5680dac9bfbdc0dab223906bfdd8ee4305c6a46d0b7fd2330474ef0738f4 0d9ebf9fd1e1f5b921f6b84623d0aee6183719e4fdba3d82636596c0e7c54e80
14 1787182725.068 139 enode://12@127.0.0.1:1245 139 3669 7 3676 0.046875 12 2 573 9d02dd9e40791e631d918ee8d5d60dbdbe3a392c1954f37a268ee9fee21e2460 28af5680dac9bfbdc0dab223906bfdd8ee4305c6a46d0b7fd2330474ef0738f4
14 1787182725.069 140 enode://8@127.0.0.1:1241 140 3679 18 3697 0.046875 21 6 579 f8bb978ba5721b44ae267d4a2dc16e2a29805671a18357fe7e4cf933887e885f 9d02dd9e40791e631d918ee8d5d60dbdbe3a392c1954f37a268ee9fee21e2460
14 1787182725.069 141 enode://13@127.0.0.1:1246 141 3781 42 3823 0.046875 57 1 580 9d8a75fce3e574996a91d325d21d0a22b7dbbfb3f14d6580a84ed9e34a1ec46e f8bb978ba5721b44ae267d4a2dc16e2a29805671a18357fe7e4cf933887e885f
14 1787182725.069 142 enode://4@127.0.0.1:1237 142 3823 0 3823 0.046875 20 6 586 5f4144e1787c2843a99dca04b1a9d3fb64433742b88e761c76d50d9cb86fb323 9d8a75fce3e574996a91d325d21d0a22b7dbbfb3f14d6580a84ed9e34a1ec46e
14 1787182725.069 143 enode://7@127.0.0.1:1240 143 3865 21 3886 0.046875 121 2 588 629ede4a030177d8b0fccf83fe5d9852ec847037bc2330237fed5af8032ac8e5 5f4144e1787c2843a99dca04b1a9d3fb64433742b88e761c76d50d9cb86fb323
14 1787182725.069 144 enode://11@127.0.0.1:1244 144 3875 11 3886 0.046875 6 6 594 843afcde4a95f2c9eb1482db79e8cbae2bc45687b864090c33079dc104269d75 629ede4a030177d8b0fccf83fe5d9852ec847037bc2330237fed5af8032ac8e5
14 1787182725.069 145 enode://10@127.0.0.1:1243 145 3886 0 3886 0.046875 33 4 598 1bb5cf18f6f5e6fdf21db680c18760b679c93cfdc397bd2fc7c991a9b2a4d7d0 843afcde4a95f2c9eb1482db79e8cbae2bc45687b864090c33079dc104269d75
14 1787182725.069 146 enode://9@127.0.0.1:1242 146 3907 21 3928 0.046875 15 8 606 05e525e9627c7413b6d7a1096c81e8ce0764674600fdd349faab200356b73f56 1bb5cf18f6f5e6fdf21db680c18760b679c93cfdc397bd2fc7c991a9b2a4d7d0
14 1787182725.069 147 enode://2@127.0.0.1:1235 147 3928 0 3928 0.046875 4 6 612 72a98f2eaf715aa8a43f122bbfd50b88b7e4c212b2f4eefb10e94341af8e80de 05e525e9627c7413b6d7a1096c81e8ce0764674600fdd349faab200356b73f56
14 1787182725.069 148 enode://1@127.0.0.1:1234 148 3949 0 3949 0.046875 21 5 617 66dc01a82276c18e2a81aff48edfb491c5c7795ef01f6f1b4e109a7d97762ec7 72a98f2eaf715aa8a43f122bbfd50b88b7e4c212b2f4eefb10e94341af8e80de
14 1787182725.069 149 enode://14@127.0.0.1:1247 149 3959 0 3959 0.046875 9 4 621 e4fce5e31c494965edde50cfc669e31ee4765615896279c2b0ba928f8050f709 66dc01a82276c18e2a81aff48edfb491c5c7795ef01f6f1b4e109a7d97762ec7
14 1787182725.069 150 enode://13@127.0.0.1:1246 150 3970 21 3991 0.046875 23 6 627 d5bfa3ed5b76b5b00fd5062123f6d750f011f53aa8896891d1b6be10fbc97bb4 e4fce5e31c494965edde50cfc669e31ee4765615896279c2b0ba928f8050f709
14 1787182725.069 151 enode://4@127.0.0.1:1237 151 3991 0 3991 0.046875 33 6 633 dd589c2ff883332a1d8ee6f21fbcea75762c13b8053b567e1c882ce47efbf6c4 d5bfa3ed5b76b5b00fd5062123f6d750f011f53aa8896891d1b6be10fbc97bb4
