ID TIME HEIGHT MINER BLOCK TIMESTAMP TELAPSED RECEPTION SIZE_KB TXS DIFF TDIFF HASH PHASH
17 1786589317.153 0 ['enode://1@127.0.0.1:1234', 'enode://2@127.0.0.1:1235', 'enode://3@127.0.0.1:1236', 'enode://4@127.0.0.1:1237', 'enode://5@127.0.0.1:1238', 'enode://6@127.0.0.1:1239', 'enode://7@127.0.0.1:1240', 'enode://8@127.0.0.1:1241', 'enode://9@127.0.0.1:1242', 'enode://10@127.0.0.1:1243', 'enode://11@127.0.0.1:1244', 'enode://12@127.0.0.1:1245', 'enode://13@127.0.0.1:1246', 'enode://14@127.0.0.1:1247', 'enode://15@127.0.0.1:1248', 'enode://16@127.0.0.1:1249', 'enode://17@127.0.0.1:1250', 'enode://18@127.0.0.1:1251', 'enode://19@127.0.0.1:1252', 'enode://20@127.0.0.1:1253', 'enode://21@127.0.0.1:1254', 'enode://22@127.0.0.1:1255', 'enode://23@127.0.0.1:1256', 'enode://24@127.0.0.1:1257', 'enode://25@127.0.0.1:1258'] 0 0 0 0 0.046875 0 0 0 2ec9234e793ffa1c5eb24f0439f69ac8446fd1535ee0cbe4dfa1f745f203e80f 0
17 1786589317.153 1 enode://4@127.0.0.1:1237 1 72 370 442 0.046875 25 99997 99997 3b37a8c1850521cec9480f5cf94c95c2bd41f49101c222b368d5f2856d77ca0b 2ec9234e793ffa1c5eb24f0439f69ac8446fd1535ee0cbe4dfa1f745f203e80f
17 1786589317.153 2 enode://19@127.0.0.1:1252 2 130 312 442 0.046875 18 99938 199935 144c23479f68e5ad942834f2b965ed613a1835e45efaefd3df80b657c35e4a0b 3b37a8c1850521cec9480f5cf94c95c2bd41f49101c222b368d5f2856d77ca0b
17 1786589317.153 3 enode://12@127.0.0.1:1245 3 182 260 442 0.046875 7 99991 299926 a53e19262abd1f1caada025889ec4abe757105e24858f976b27a65c1d60d7c45 144c23479f68e5ad942834f2b965ed613a1835e45efaefd3df80b657c35e4a0b
17 1786589317.153 4 enode://8@127.0.0.1:1241 4 398 611 1009 0.046875 20 99974 399900 9d7989edbe8e1ad634095bbeb644d8cfd714055dea90049e47d5b33c649dcdbc a53e19262abd1f1caada025889ec4abe757105e24858f976b27a65c1d60d7c45
17 1786589317.153 5 enode://14@127.0.0.1:1247 5 569 440 1009 0.046875 2 99914 499814 1495ad95e5e9368ef37489232f3bfb88ad58e79171861e55234874843c2db87e 9d7989edbe8e1ad634095bbeb644d8cfd714055dea90049e47d5b33c649dcdbc
17 1786589317.153 6 enode://14@127.0.0.1:1247 6 715 294 1009 0.046875 2 99907 599721 cd9ae17770e886046f1c7625f97d3011b6ffdf5950f06fd699c210f8979db660 1495ad95e5e9368ef37489232f3bfb88ad58e79171861e55234874843c2db87e
17 1786589317.153 7 enode://14@127.0.0.1:1247 7 930 79 1009 0.046875 30 99948 699669 5ed2760c3f5eec98a7ef52ddf5eee25968e1353d44d3252ce752df6a6c73a956 cd9ae17770e886046f1c7625f97d3011b6ffdf5950f06fd699c210f8979db660
17 1786589317.153 8 enode://9@127.0.0.1:1242 8 1065 7 1072 0.046875 18 99964 799633 83e8c0b1eed0b0c035bdbfb28e35b5d3269933c8522ebdb0d260b4b3dbe6ed81 5ed2760c3f5eec98a7ef52ddf5eee25968e1353d44d3252ce752df6a6c73a956
17 1786589317.153 9 enode://7@127.0.0.1:1240 9 1108 90 1198 0.046875 2 99946 899579 dd08e30d1acc7955ed65d18ac6ccf31ca6804a0d9d537dd2f7e4151d55905949 83e8c0b1eed0b0c035bdbfb28e35b5d3269933c8522ebdb0d260b4b3dbe6ed81
17 1786589317.153 10 enode://2@127.0.0.1:1235 10 1345 21 1366 0.046875 9 99932 999511 32deb5e7b23b3bb93e2838977d374bbe6c73bf0bd8ad49b31bfbcde6a1c5fde2 dd08e30d1acc7955ed65d18ac6ccf31ca6804a0d9d537dd2f7e4151d55905949
17 1786589317.153 11 enode://17@127.0.0.1:1250 11 1478 0 1478 0.046875 17 99951 1099462 a1e67e7cb4dba34f82f9d0ef663503d6ce11f756f5fe3845c50691938e1e5920 32deb5e7b23b3bb93e2838977d374bbe6c73bf0bd8ad49b31bfbcde6a1c5fde2
17 1786589317.153 12 enode://10@127.0.0.1:1243 12 1511 2 1513 0.046875 2 99973 1199435 ce5ede9f27aa5a66ab5242496a835b33ccc43e2b918e58b7f38bbf5c2b9e3b6d a1e67e7cb4dba34f82f9d0ef663503d6ce11f756f5fe3845c50691938e1e5920
17 1786589317.153 13 enode://17@127.0.0.1:1250 13 1652 0 1652 0.046875 23 99977 1299412 d7c26ea3f7ee499e4ec8cfa994acae5e020b3d06e61576a3c9449862034dde03 ce5ede9f27aa5a66ab5242496a835b33ccc43e2b918e58b7f38bbf5c2b9e3b6d
17 1786589317.153 14 enode://9@127.0.0.1:1242 14 1699 3 1702 0.046875 2 99924 1399336 5c21d4ace50dd23bb153eab923037eb29e4ac4f1c4694675aa933aa6ab3f068d d7c26ea3f7ee499e4ec8cfa994acae5e020b3d06e61576a3c9449862034dde03
17 1786589317.153 15 enode://10@127.0.0.1:1243 15 1915 543 2458 0.046875 21 99904 1499240 d4b93e932d2df98563d421175845511468735152235e5b9b9e440a042dea4fad 5c21d4ace50dd23bb153eab923037eb29e4ac4f1c4694675aa933aa6ab3f068d
17 1786589317.153 16 enode://1@127.0.0.1:1234 16 1963 495 2458 0.046875 2 99915 1599155 01488696297b5c16d83a947d23b700f73ea8bcb718b0b17f78bede52cc84ad2f d4b93e932d2df98563d421175845511468735152235e5b9b9e440a042dea4fad
17 1786589317.154 17 enode://1@127.0.0.1:1234 17 2008 450 2458 0.046875 1 99940 1699095 c20a0f751fd970a56396c94a43463bd6115c00e3e1fe8069b56fe3e17bf5f221 01488696297b5c16d83a947d23b700f73ea8bcb718b0b17f78bede52cc84ad2f
17 1786589317.154 18 enode://1@127.0.0.1:1234 18 2071 387 2458 0.046875 3 99909 1799004 9703bcb775ae650b62321a25741dc9674ddf18edf7c986a8448cdd8a4358cb1c c20a0f751fd970a56396c94a43463bd6115c00e3e1fe8069b56fe3e17bf5f221
17 1786589317.154 19 enode://1@127.0.0.1:1234 19 2155 303 2458 0.046875 4 99943 1898947 88900ee611af851b26eb13f9ba251f3a6d1be477789618ca30c780b18aeb78f2 9703bcb775ae650b62321a25741dc9674ddf18edf7c986a8448cdd8a4358cb1c
17 1786589317.154 20 enode://25@127.0.0.1:1258 20 2236 222 2458 0.046875 26 99927 1998874 d1a8cc8939c71290d54d8e69bee0ff594c4866f06d892fa5fb44e19e9aa2564f 88900ee611af851b26eb13f9ba251f3a6d1be477789618ca30c780b18aeb78f2
17 1786589317.154 21 enode://21@127.0.0.1:1254 21 2777 878 3655 0.046875 26 99983 2098857 57a8fcef5cfca3170b432d6e566de9206fc9e768a421c7dde47d93e0b47371d1 d1a8cc8939c71290d54d8e69bee0ff594c4866f06d892fa5fb44e19e9aa2564f
17 1786589317.154 22 enode://21@127.0.0.1:1254 22 2949 706 3655 0.046875 18 99967 2198824 b6ac5af20e11b1e6189e799df24737c1578d50eb4791ed11b09def0371e5f337 57a8fcef5cfca3170b432d6e566de9206fc9e768a421c7dde47d93e0b47371d1
17 1786589317.154 23 enode://23@127.0.0.1:1256 23 3117 538 3655 0.046875 16 99903 2298727 88cdd1d0cbf9d728b450e62ba64a18bc2411cec61f8e73c19f053f070b380a84 b6ac5af20e11b1e6189e799df24737c1578d50eb4791ed11b09def0371e5f337
17 1786589317.154 24 enode://16@127.0.0.1:1249 24 3196 459 3655 0.046875 7 99924 2398651 82869a59cb5cd8a350449b6842ccb2c34c724c753235bc2e5de59102fcdf896c 88cdd1d0cbf9d728b450e62ba64a18bc2411cec61f8e73c19f053f070b380a84
17 1786589317.154 25 enode://16@127.0.0.1:1249 25 3304 351 3655 0.046875 4 99948 2498599 3e106283473b86cdf04b31634a9226e37465609608456c5ee1cbfaaafe326040 82869a59cb5cd8a350449b6842ccb2c34c724c753235bc2e5de59102fcdf896c
17 1786589317.154 26 enode://16@127.0.0.1:1249 26 3379 276 3655 0.046875 2 99917 2598516 88d26e81863ee4075807f9a7230999e6e09b1c269b3b28d70fe48429efe28883 3e106283473b86cdf04b31634a9226e37465609608456c5ee1cbfaaafe326040
17 1786589317.154 27 enode://11@127.0.0.1:1244 27 3498 157 3655 0.046875 6 99911 2698427 142bc4c85b227391359513b9d0f625ddcb8e1bfa288b18eaad5303d721b988fb 88d26e81863ee4075807f9a7230999e6e09b1c269b3b28d70fe48429efe28883
17 1786589317.154 28 enode://3@127.0.0.1:1236 28 3742 18 3760 0.046875 36 99906 2798333 7935929317dff637780b1ee11864b5f6189e746ffde799977810b2f9c5025a47 142bc4c85b227391359513b9d0f625ddcb8e1bfa288b18eaad5303d721b988fb
17 1786589317.154 29 enode://20@127.0.0.1:1253 29 3822 1 3823 0.046875 5 99981 2898314 7ba62545d812f345f741e4d83c607bc21d8222ab6b111653d0c33a50db666f89 7935929317dff637780b1ee11864b5f6189e746ffde799977810b2f9c5025a47
