ID TIME HEIGHT MINER BLOCK TIMESTAMP TELAPSED RECEPTION SIZE_KB TXS DIFF TDIFF HASH PHASH
12 1786601205.366 0 0 0 0 0 0 0.046875 0 0 0 81fb8017bc8e25abebf9587dfca5e4ec591f02f42d16180fdf3b6fc7cd0480b9 0
12 1786601205.366 1 enode://7@127.0.0.1:1240 1 10 12 22 0.046875 1 1 1 aa6eec2960eb77e1daa0e97c6c0b41c8732dcdde16020e995b59e1e8574ee9b2 81fb8017bc8e25abebf9587dfca5e4ec591f02f42d16180fdf3b6fc7cd0480b9
12 1786601205.366 2 enode://4@127.0.0.1:1237 2 22 0 22 0.046875 58 1 2 62c973ea5b23478623337aefe84fe429ea3358d7c0a9a33aff86c03b3c37eecc aa6eec2960eb77e1daa0e97c6c0b41c8732dcdde16020e995b59e1e8574ee9b2
12 1786601205.366 3 enode://6@127.0.0.1:1239 3 32 11 43 0.046875 31 5 7 89a088993b6f0bd80e2e4e21ee95848554d80c286ed7f941c086e846bc3f7814 62c973ea5b23478623337aefe84fe429ea3358d7c0a9a33aff86c03b3c37eecc
12 1786601205.366 4 enode://1@127.0.0.1:1234 4 43 0 43 0.046875 76 5 12 8d75d48f64b7e216dad81debdb91d9f4bc7744dfce328816ec9f229ef37ee3e7 89a088993b6f0bd80e2e4e21ee95848554d80c286ed7f941c086e846bc3f7814
12 1786601205.366 5 enode://3@127.0.0.1:1236 5 64 21 85 0.046875 138 7 19 81ffc59daaac00d1b29b6bf0e27bbb6aa33b995e11fec5f442c21a767d92869c 8d75d48f64b7e216dad81debdb91d9f4bc7744dfce328816ec9f229ef37ee3e7
12 1786601205.366 6 enode://9@127.0.0.1:1242 6 85 21 106 0.046875 189 10 29 b5dd77037319590712e1f0d7689bbd6ef0f8a2f39cefe5aefb766ecac0a78246 81ffc59daaac00d1b29b6bf0e27bbb6aa33b995e11fec5f442c21a767d92869c
12 1786601205.366 7 enode://5@127.0.0.1:1238 7 127 0 127 0.046875 96 8 37 9613bc62d385c1c8bdef5c617d8265f301ade5e30c34dc4dda4ece95e36dba28 b5dd77037319590712e1f0d7689bbd6ef0f8a2f39cefe5aefb766ecac0a78246
12 1786601205.366 8 enode://13@127.0.0.1:1246 8 137 74 211 0.046875 42 8 45 3a64d060c9501628af430a35e8209efc82977a2522e2e5a043125b20b25ac1dc 9613bc62d385c1c8bdef5c617d8265f301ade5e30c34dc4dda4ece95e36dba28
12 1786601205.366 9 enode://8@127.0.0.1:1241 9 148 63 211 0.046875 75 6 51 b6e6cb52fc4a189dfa4e137ae8e111b0c2416878aafda164dcdde4e1a97a0018 3a64d060c9501628af430a35e8209efc82977a2522e2e5a043125b20b25ac1dc
12 1786601205.366 10 enode://7@127.0.0.1:1240 10 169 42 211 0.046875 65 8 59 ddd72121a9e5645bace5751b00ffb63e284a223077e9db80cd5d771ba4e98615 b6e6cb52fc4a189dfa4e137ae8e111b0c2416878aafda164dcdde4e1a97a0018
12 1786601205.366 11 enode://4@127.0.0.1:1237 11 190 21 211 0.046875 73 6 65 6581bf64ba2c0e52331bce5d5b67e7131dba9100c082449be1e06cb85c1298e8 ddd72121a9e5645bace5751b00ffb63e284a223077e9db80cd5d771ba4e98615
12 1786601205.366 12 enode://10@127.0.0.1:1243 12 225 7 232 0.046875 151 4 69 f3e012b11252876b27687a68982db3ec178b5e7174ad4dbfbe26beadaecad29e 6581bf64ba2c0e52331bce5d5b67e7131dba9100c082449be1e06cb85c1298e8
12 1786601205.366 13 enode://1@127.0.0.1:1234 13 253 21 274 0.046875 145 8 77 d21b8fb64c44d9cce4c106883f0b6ee648cc4e4d764a83bddb87675c4f618eea f3e012b11252876b27687a68982db3ec178b5e7174ad4dbfbe26beadaecad29e
12 1786601205.366 14 enode://6@127.0.0.1:1239 14 263 11 274 0.046875 25 6 83 861dec9a247e616f5fc5ea55771c50adf6301b28b157d1ae8c7317dc793387db d21b8fb64c44d9cce4c106883f0b6ee648cc4e4d764a83bddb87675c4f618eea
12 1786601205.367 15 enode://9@127.0.0.1:1242 15 274 0 274 0.046875 124 8 91 e651580918a48b10bd4c940de79cb83728eee47a2f15ba5b56699ac926495084 861dec9a247e616f5fc5ea55771c50adf6301b28b157d1ae8c7317dc793387db
12 1786601205.367 16 enode://5@127.0.0.1:1238 16 295 0 295 0.046875 36 8 99 6f2918a346ad900d8d5c75fec3d672144316312b36787d903f73593423005f88 e651580918a48b10bd4c940de79cb83728eee47a2f15ba5b56699ac926495084
12 1786601205.367 17 enode://15@127.0.0.1:1248 17 305 74 379 0.046875 44 7 106 81d302f06392494386ef3de7987dedda51da3ddecfdc20c47c4248ddb8a58198 6f2918a346ad900d8d5c75fec3d672144316312b36787d903f73593423005f88
12 1786601205.367 18 enode://8@127.0.0.1:1241 18 358 21 379 0.046875 232 9 115 1895a9680b6b86267acc814b06c4e993743e225b173bcc5bf326f891b9eab8f2 81d302f06392494386ef3de7987dedda51da3ddecfdc20c47c4248ddb8a58198
12 1786601205.367 19 enode://2@127.0.0.1:1235 19 379 21 400 0.046875 36 10 125 0d83a0075bcf876972115999582f460011f380153c304ed2ac1c4fbe57c9684f 1895a9680b6b86267acc814b06c4e993743e225b173bcc5bf326f891b9eab8f2
12 1786601205.367 20 enode://7@127.0.0.1:1240 20 400 21 421 0.046875 135 6 131 a440f2485243573a9f0e61e5bfe20f768f009a6c3578adb0d21c57067fad2ba6 0d83a0075bcf876972115999582f460011f380153c304ed2ac1c4fbe57c9684f
12 1786601205.367 21 enode://11@127.0.0.1:1244 21 410 11 421 0.046875 26 6 137 8ff7a95780d9abffc4107c7e57dbb70b84fd419ea849c5caba077d9a1d866b1e a440f2485243573a9f0e61e5bfe20f768f009a6c3578adb0d21c57067fad2ba6
12 1786601205.367 22 enode://1@127.0.0.1:1234 22 421 0 421 0.046875 82 7 144 b7fd77db0d19d05968471cb173be58742f79724c6c03b920e34c70daefafc284 8ff7a95780d9abffc4107c7e57dbb70b84fd419ea849c5caba077d9a1d866b1e
12 1786601205.367 23 enode://12@127.0.0.1:1245 23 431 0 431 0.046875 55 8 152 c585ab90283dc9b07be04426373c592e435fa10ddf9fe0491339e8576ee9b02a b7fd77db0d19d05968471cb173be58742f79724c6c03b920e34c70daefafc284
12 1786601205.367 24 enode://9@127.0.0.1:1242 24 442 0 442 0.046875 76 9 161 4af2a7ea7b332c685002b52f12c75785231f20fab86b0704d8a9435544268b96 c585ab90283dc9b07be04426373c592e435fa10ddf9fe0491339e8576ee9b02a
12 1786601205.367 25 enode://5@127.0.0.1:1238 25 463 0 463 0.046875 20 7 168 abdb0ae6233e05816edccca8d22d7b701db32f7e5aef3fcf02df58134148b392 4af2a7ea7b332c685002b52f12c75785231f20fab86b0704d8a9435544268b96
12 1786601205.367 26 enode://6@127.0.0.1:1239 26 484 0 484 0.046875 75 5 173 f3b5b1a27cc507e434edd873206de68b087f301dc58bd2413126a2b50c90dd2a abdb0ae6233e05816edccca8d22d7b701db32f7e5aef3fcf02df58134148b392
12 1786601205.367 27 enode://8@127.0.0.1:1241 27 505 42 547 0.046875 107 7 180 cd03418b8090dde82db8b8f725d62ba1df263faa147d8177bc2d7792603cbb5a f3b5b1a27cc507e434edd873206de68b087f301dc58bd2413126a2b50c90dd2a
12 1786601205.367 28 enode://10@127.0.0.1:1243 28 515 32 547 0.046875 6 6 186 da56f999f3480a9c73f75c0434bcfd1d8b59398e2448722d0979ae1d52735272 cd03418b8090dde82db8b8f725d62ba1df263faa147d8177bc2d7792603cbb5a
12 1786601205.367 29 enode://7@127.0.0.1:1240 29 526 21 547 0.046875 55 9 195 62597449fdb224048026c3909c6cdefa5f2474086a9fe8d7e3738589a192e1c0 da56f999f3480a9c73f75c0434bcfd1d8b59398e2448722d0979ae1d52735272
12 1786601205.368 30 enode://11@127.0.0.1:1244 30 536 32 568 0.046875 5 7 202 14d3ff3930355dc4ab42e05f319122a7479c9f8fdafc084e7c2060a0eaf00f78 62597449fdb224048026c3909c6cdefa5f2474086a9fe8d7e3738589a192e1c0
12 1786601205.368 31 enode://13@127.0.0.1:1246 31 547 84 631 0.046875 106 4 206 ff15da95d0dd13202340a3b7e71d405ca4941778e0f09419e73168ee7965d4d2 14d3ff3930355dc4ab42e05f319122a7479c9f8fdafc084e7c2060a0eaf00f78
12 1786601205.368 32 enode://3@127.0.0.1:1236 32 631 0 631 0.046875 157 3 209 704e7c048ca73d9bff6fcc098126f573200601210cb1d342d2fd7cd10f079867 ff15da95d0dd13202340a3b7e71d405ca4941778e0f09419e73168ee7965d4d2
12 1786601205.368 33 enode://12@127.0.0.1:1245 33 641 0 641 0.046875 79 7 216 b8a52368374009cbf1f7ccdc66fee7eb6646df7b5bf0930c5d62c5490f461c06 704e7c048ca73d9bff6fcc098126f573200601210cb1d342d2fd7cd10f079867
12 1786601205.368 34 enode://2@127.0.0.1:1235 34 673 21 694 0.046875 159 5 221 3bd0d5358ef985aaebe77aa35eddb5c1653a490204697a1a7661e5ef450822dc b8a52368374009cbf1f7ccdc66fee7eb6646df7b5bf0930c5d62c5490f461c06
12 1786601205.368 35 enode://15@127.0.0.1:1248 35 683 11 694 0.046875 42 5 226 b3e80c32c126bc81e9ebecf4921f70bb98cb8420170f27652bc7d35316aebdbd 3bd0d5358ef985aaebe77aa35eddb5c1653a490204697a1a7661e5ef450822dc
12 1786601205.368 36 enode://8@127.0.0.1:1241 36 718 375 1093 0.046875 111 5 231 594297b14be520b72001341c448a52f9345f52c7f66be801151444bfb070cb15 b3e80c32c126bc81e9ebecf4921f70bb98cb8420170f27652bc7d35316aebdbd
12 1786601205.368 37 enode://4@127.0.0.1:1237 37 803 290 1093 0.046875 21 5 236 a05e190f140467d6d055801f3cf5de2f54a4ebe3d9d19d649446715b4b36c894 594297b14be520b72001341c448a52f9345f52c7f66be801151444bfb070cb15
12 1786601205.368 38 enode://11@127.0.0.1:1244 38 963 130 1093 0.046875 187 1 237 66b11b7258b738d21c4fc443a3b192df956110d7104ac9559908fdc2d838477f a05e190f140467d6d055801f3cf5de2f54a4ebe3d9d19d649446715b4b36c894
12 1786601205.368 39 enode://7@127.0.0.1:1240 39 988 105 1093 0.046875 75 3 240 b23321b9831743270a8d0b7e9f2eddd60538eb7e1e38d019c656b5181a912bb7 66b11b7258b738d21c4fc443a3b192df956110d7104ac9559908fdc2d838477f
12 1786601205.368 40 enode://6@127.0.0.1:1239 40 1009 84 1093 0.046875 31 2 242 83222631ed61b5ba8c6389c042ead667f48aa5c9f84af61a6e42ae0aff9be4f5 b23321b9831743270a8d0b7e9f2eddd60538eb7e1e38d019c656b5181a912bb7
12 1786601205.368 41 enode://9@127.0.0.1:1242 41 1019 74 1093 0.046875 2 3 245 08c808bd174ffe743cba43547c9eea4cbb3b6e47e17c496bc56fb25df0e9991c 83222631ed61b5ba8c6389c042ead667f48aa5c9f84af61a6e42ae0aff9be4f5
12 1786601205.368 42 enode://3@127.0.0.1:1236 42 1093 21 1114 0.046875 199 1 246 fc1f2f40f79930e9a016f0f32eca16fb1813b5038e6e625999be3c8a1b7e2706 08c808bd174ffe743cba43547c9eea4cbb3b6e47e17c496bc56fb25df0e9991c
12 1786601205.368 43 enode://2@127.0.0.1:1235 43 1114 0 1114 0.046875 36 4 250 9df03bc72d219f15888beab97eae75b587c4d1f200f7eb879d3b6931397940df fc1f2f40f79930e9a016f0f32eca16fb1813b5038e6e625999be3c8a1b7e2706
12 1786601205.368 44 enode://13@127.0.0.1:1246 44 1198 210 1408 0.046875 161 1 251 b2bb0e66c75691ff41f408a580070cd3a77340d18d7521aaf24e57169247b830 9df03bc72d219f15888beab97eae75b587c4d1f200f7eb879d3b6931397940df
12 1786601205.368 45 enode://15@127.0.0.1:1248 45 1308 100 1408 0.046875 306 1 252 9adcfff38dd4e0bc66eeaca952c716ef14971e6eafde85c670cc26f16e29c4f2 b2bb0e66c75691ff41f408a580070cd3a77340d18d7521aaf24e57169247b830
12 1786601205.369 46 enode://10@127.0.0.1:1243 46 1393 15 1408 0.046875 101 3 255 2bfcdca0b6c4324b5a8d0be367bffeb9a71a9d6c41417acf8cd6e1064362ff62 9adcfff38dd4e0bc66eeaca952c716ef14971e6eafde85c670cc26f16e29c4f2
12 1786601205.369 47 enode://8@127.0.0.1:1241 47 1478 14 1492 0.046875 121 1 256 c7c6561d499a39ffbb61d3b74356f97f1fb782eb6983e88af4c90cce4e421b1a 2bfcdca0b6c4324b5a8d0be367bffeb9a71a9d6c41417acf8cd6e1064362ff62
12 1786601205.369 48 enode://11@127.0.0.1:1244 48 1513 756 2269 0.046875 120 5 261 104283b61c103db57d63115abb2a234a1125ec87cbbfc618bcbad2fb4cc430e3 c7c6561d499a39ffbb61d3b74356f97f1fb782eb6983e88af4c90cce4e421b1a
12 1786601205.369 49 enode://7@127.0.0.1:1240 49 1534 735 2269 0.046875 46 6 267 9e5eaa6a8c4d3cd54961234c66ba28696dc9d11c502f731187d80c05dd27d9b3 104283b61c103db57d63115abb2a234a1125ec87cbbfc618bcbad2fb4cc430e3
12 1786601205.369 50 enode://5@127.0.0.1:1238 50 1555 714 2269 0.046875 39 4 271 3d2976e3d6f49cef1e8bfeb12931269a1ece40a603c413f77146fcbbad602d89 9e5eaa6a8c4d3cd54961234c66ba28696dc9d11c502f731187d80c05dd27d9b3
12 1786601205.369 51 enode://6@127.0.0.1:1239 51 1618 651 2269 0.046875 219 1 272 c83b22c1eb7b1bae7fcd2168f2ae206035a12dfe5079a5da082d6f966c3853bb 3d2976e3d6f49cef1e8bfeb12931269a1ece40a603c413f77146fcbbad602d89
12 1786601205.369 52 enode://2@127.0.0.1:1235 52 1702 567 2269 0.046875 214 1 273 6e7d07a90c6e860413c27b08a24842155eb58856c66d78ca325871e551d5f8ef c83b22c1eb7b1bae7fcd2168f2ae206035a12dfe5079a5da082d6f966c3853bb
12 1786601205.369 53 enode://14@127.0.0.1:1247 53 1712 557 2269 0.046875 2 3 276 219b39d362ea8e47d9299360f5011047b0f75c9fa3bb63621da692fb4668e59d 6e7d07a90c6e860413c27b08a24842155eb58856c66d78ca325871e551d5f8ef
12 1786601205.369 54 enode://4@127.0.0.1:1237 54 1765 504 2269 0.046875 79 1 277 a50d028723a33ff3bea22cede4c25368f34d89d54efd7ef8d6fa8b73bb984bad 219b39d362ea8e47d9299360f5011047b0f75c9fa3bb63621da692fb4668e59d
12 1786601205.369 55 enode://10@127.0.0.1:1243 55 1807 462 2269 0.046875 64 4 281 a7c7266ee75559aa6923c781da8ff01a8b243c1b63121fcbcd49dad48293bf39 a50d028723a33ff3bea22cede4c25368f34d89d54efd7ef8d6fa8b73bb984bad
12 1786601205.369 56 enode://8@127.0.0.1:1241 56 1849 420 2269 0.046875 91 4 285 c4f1d03e8f0d52efc21727e6ee1a1ab6ce6c75dfa876f5e279818ec5057ad516 a7c7266ee75559aa6923c781da8ff01a8b243c1b63121fcbcd49dad48293bf39
12 1786601205.369 57 enode://3@127.0.0.1:1236 57 1870 399 2269 0.046875 20 4 289 dfd64059b323125fe4274e6fa83bdf306549548d90b5461f17e8ff48b837e191 c4f1d03e8f0d52efc21727e6ee1a1ab6ce6c75dfa876f5e279818ec5057ad516
12 1786601205.369 58 enode://13@127.0.0.1:1246 58 1930 339 2269 0.046875 86 2 291 72391e3a502a5ad7c6611d80f4fad0e7aa69ec84ca4e0ff6dadbc236c5d711b7 dfd64059b323125fe4274e6fa83bdf306549548d90b5461f17e8ff48b837e191
12 1786601205.369 59 enode://5@127.0.0.1:1238 59 1954 315 2269 0.046875 35 6 297 71533919f8ad6cae0dcc2bc836b1f8105d0639b94138e7e0114dc88190eaa793 72391e3a502a5ad7c6611d80f4fad0e7aa69ec84ca4e0ff6dadbc236c5d711b7
12 1786601205.369 60 enode://6@127.0.0.1:1239 60 1996 273 2269 0.046875 25 2 299 a51103482be1f9e0c9c81f0cac864ba26199189c1443448357f6fad3e32d992b 71533919f8ad6cae0dcc2bc836b1f8105d0639b94138e7e0114dc88190eaa793
12 1786601205.369 61 enode://11@127.0.0.1:1244 61 2017 252 2269 0.046875 120 1 300 432a049f980793799f8fb860cefe60225dd6fdbf748165146ab5df18348c67ea a51103482be1f9e0c9c81f0cac864ba26199189c1443448357f6fad3e32d992b
12 1786601205.37 62 enode://7@127.0.0.1:1240 62 2038 231 2269 0.046875 48 3 303 828b9872e205ed167561ae404cf1760dd9ae69d02e4cf89b2d1a9a92a69fd8f2 432a049f980793799f8fb860cefe60225dd6fdbf748165146ab5df18348c67ea
12 1786601205.37 63 enode://4@127.0.0.1:1237 63 2059 210 2269 0.046875 35 4 307 636da501ca1714fe2b16e7c09352306f2cd1ed4fce6fd06ad18be967e14d841c 828b9872e205ed167561ae404cf1760dd9ae69d02e4cf89b2d1a9a92a69fd8f2
12 1786601205.37 64 enode://10@127.0.0.1:1243 64 2069 200 2269 0.046875 28 6 313 806b823579e360129cdae7ff8cdfab17509e5991e0cbac8e1ee23a348dc50e89 636da501ca1714fe2b16e7c09352306f2cd1ed4fce6fd06ad18be967e14d841c
12 1786601205.37 65 enode://8@127.0.0.1:1241 65 2080 189 2269 0.046875 53 5 318 f9ea67a21a14072f09b28ad755376cc0e05bf40db49faed0696b664f86cdfa54 806b823579e360129cdae7ff8cdfab17509e5991e0cbac8e1ee23a348dc50e89
12 1786601205.37 66 enode://3@127.0.0.1:1236 66 2101 168 2269 0.046875 71 5 323 aaefd2f83dbd362bcbf1fec3a7fd4a6c1321b04ac069405ad1ef73ad76634f0a f9ea67a21a14072f09b28ad755376cc0e05bf40db49faed0696b664f86cdfa54
12 1786601205.37 67 enode://1@127.0.0.1:1234 67 2143 126 2269 0.046875 243 1 324 b0ed618117d5ea80710b949c058b179a4169fadf37807bac901d464f02bfbee8 aaefd2f83dbd362bcbf1fec3a7fd4a6c1321b04ac069405ad1ef73ad76634f0a
12 1786601205.37 68 enode://2@127.0.0.1:1235 68 2178 91 2269 0.046875 73 2 326 d79f42105a804fd5a44753bc21bdc6aed832f916efccdcf3391a5c22220a111a b0ed618117d5ea80710b949c058b179a4169fadf37807bac901d464f02bfbee8
12 1786601205.37 69 enode://14@127.0.0.1:1247 69 2213 371 2584 0.046875 17 3 329 0c75e512c7e259553ab9583b2ce096ccab694affeb5cb9def16ee323503827d1 d79f42105a804fd5a44753bc21bdc6aed832f916efccdcf3391a5c22220a111a
12 1786601205.37 70 enode://5@127.0.0.1:1238 70 2353 231 2584 0.046875 276 1 330 5a0420c3befd3f8a403e0c977450ffba1031050ec866444c366e32217136cca2 0c75e512c7e259553ab9583b2ce096ccab694affeb5cb9def16ee323503827d1
12 1786601205.37 71 enode://6@127.0.0.1:1239 71 2363 221 2584 0.046875 4 6 336 1aac5f500524806821c47ff5122b0137d47220fa4fbe1d26e686ab7ee8fdc73d 5a0420c3befd3f8a403e0c977450ffba1031050ec866444c366e32217136cca2
12 1786601205.37 72 enode://11@127.0.0.1:1244 72 2423 161 2584 0.046875 233 1 337 3d7e08b182cf9b43842781938c533f2d92606f8ef79d22b0972c4c8f3edbc10d 1aac5f500524806821c47ff5122b0137d47220fa4fbe1d26e686ab7ee8fdc73d
12 1786601205.37 73 enode://10@127.0.0.1:1243 73 2437 147 2584 0.046875 11 4 341 cb6364e17506155be3cd35957baf47d284ad28fefb11e365dd6b18a0b9b05d9b 3d7e08b182cf9b43842781938c533f2d92606f8ef79d22b0972c4c8f3edbc10d
12 1786601205.37 74 enode://7@127.0.0.1:1240 74 2542 357 2899 0.046875 153 1 342 ebbc8a1dab45a3a96361cee16d927391ff51e2271e8d3e5f0941493485406ff2 cb6364e17506155be3cd35957baf47d284ad28fefb11e365dd6b18a0b9b05d9b
12 1786601205.371 75 enode://15@127.0.0.1:1248 75 2626 273 2899 0.046875 172 2 344 ccf150f0e593ed59860300820ee393c89e1f1eab92f4e196cb6f86ffcd87d138 ebbc8a1dab45a3a96361cee16d927391ff51e2271e8d3e5f0941493485406ff2
12 1786601205.371 76 enode://9@127.0.0.1:1242 76 2711 188 2899 0.046875 42 3 347 651cb7fb74146ba18a4152f04875a772f2e32e5ed61baa3445f55e6c3434b66f ccf150f0e593ed59860300820ee393c89e1f1eab92f4e196cb6f86ffcd87d138
12 1786601205.371 77 enode://2@127.0.0.1:1235 77 2731 168 2899 0.046875 142 4 351 8dd0b8641edd122c4a3be26dc8cfd8ab242f13e467e4a3e4dc9431912371fc48 651cb7fb74146ba18a4152f04875a772f2e32e5ed61baa3445f55e6c3434b66f
12 1786601205.371 78 enode://14@127.0.0.1:1247 78 2741 158 2899 0.046875 40 4 355 b9acdb6da8816595aca7ee503d688a34df6636c2e5df3f6dc944254cccef134f 8dd0b8641edd122c4a3be26dc8cfd8ab242f13e467e4a3e4dc9431912371fc48
12 1786601205.371 79 enode://5@127.0.0.1:1238 79 2752 147 2899 0.046875 16 4 359 0c23167daa847e238b55da876cdb4b33ab7ea805193694716aab4ceb2b05d98d b9acdb6da8816595aca7ee503d688a34df6636c2e5df3f6dc944254cccef134f
12 1786601205.371 80 enode://13@127.0.0.1:1246 80 2920 336 3256 0.046875 387 1 360 e58f6d3c5e9f00f0f40b18ffc6aab6a2b52ddd932a661c2002a9b20cba7f4b05 0c23167daa847e238b55da876cdb4b33ab7ea805193694716aab4ceb2b05d98d
12 1786601205.371 81 enode://1@127.0.0.1:1234 81 2955 301 3256 0.046875 26 4 364 79d023fedf8dee2aa9d91ca6df39f706655539fe84e2556d681644c54841f2f5 e58f6d3c5e9f00f0f40b18ffc6aab6a2b52ddd932a661c2002a9b20cba7f4b05
12 1786601205.371 82 enode://11@127.0.0.1:1244 82 2965 291 3256 0.046875 16 3 367 503dfbf4ae827a97cb90d8bc0eb6652dd3a31267aaf48ffdea3e947e12eed531 79d023fedf8dee2aa9d91ca6df39f706655539fe84e2556d681644c54841f2f5
12 1786601205.371 83 enode://3@127.0.0.1:1236 83 3256 0 3256 0.046875 682 1 368 08bd8f79c8b48338e636fdcb86e5147482b68a81d38d1f5943c70e0ca866d6dc 503dfbf4ae827a97cb90d8bc0eb6652dd3a31267aaf48ffdea3e947e12eed531
12 1786601205.371 84 enode://12@127.0.0.1:1245 84 3266 0 3266 0.046875 20 3 371 00eadc5a61616917d58a172f586b5799b6911c864f8610baade94dc23bc0dc04 08bd8f79c8b48338e636fdcb86e5147482b68a81d38d1f5943c70e0ca866d6dc
12 1786601205.371 85 enode://15@127.0.0.1:1248 85 3277 42 3319 0.046875 63 4 375 abafd6c59a79d10b328a47f4c47152bd987a0d0e38245fe461a9e448e3c6ba55 00eadc5a61616917d58a172f586b5799b6911c864f8610baade94dc23bc0dc04
12 1786601205.371 86 enode://14@127.0.0.1:1247 86 3462 25 3487 0.046875 261 1 376 04fca0fab98feafd72ebff34503edfb97e36d71283122152f5ab5861875c2984 abafd6c59a79d10b328a47f4c47152bd987a0d0e38245fe461a9e448e3c6ba55
12 1786601205.371 87 enode://6@127.0.0.1:1239 87 3572 62 3634 0.046875 762 1 377 8e454b05c612cb630b57c12aa51c3b59494c1c13105fedb5451c2c29892098b0 04fca0fab98feafd72ebff34503edfb97e36d71283122152f5ab5861875c2984
12 1786601205.371 88 enode://10@127.0.0.1:1243 88 3592 42 3634 0.046875 44 6 383 b855c42d3cb47fabc0033433a71ac3d87d8fe28d67ec053aa85927654430c1e9 8e454b05c612cb630b57c12aa51c3b59494c1c13105fedb5451c2c29892098b0
12 1786601205.371 89 enode://5@127.0.0.1:1238 89 3655 0 3655 0.046875 213 3 386 0d7079818d95e874f6f6f38fda7092db7dd4637a3b70a25ba6dc96db88453d10 b855c42d3cb47fabc0033433a71ac3d87d8fe28d67ec053aa85927654430c1e9
12 1786601205.372 90 enode://9@127.0.0.1:1242 90 3665 11 3676 0.046875 11 6 392 124fe7fdc8780fceb21a41ceb02d94419889ae5eb09ed769084f9ed259e71fa5 0d7079818d95e874f6f6f38fda7092db7dd4637a3b70a25ba6dc96db88453d10
12 1786601205.372 91 enode://11@127.0.0.1:1244 91 3676 0 3676 0.046875 59 4 396 7363124e2bee0c263c7c90e5d5cf5ed1ef849a836844efcf90039bb94c9ec3fd 124fe7fdc8780fceb21a41ceb02d94419889ae5eb09ed769084f9ed259e71fa5
12 1786601205.372 92 enode://12@127.0.0.1:1245 92 3786 0 3786 0.046875 285 1 397 48898654875c30245420456d97d22e6c33f0c8827a384b8541b4444871a2c3de 7363124e2bee0c263c7c90e5d5cf5ed1ef849a836844efcf90039bb94c9ec3fd
12 1786601205.372 93 enode://15@127.0.0.1:1248 93 3971 20 3991 0.046875 268 1 398 7c68a0bd599410e020f3e7341d1488fffa8c0a40ed8561a6e0ce0b570eac73d4 48898654875c30245420456d97d22e6c33f0c8827a384b8541b4444871a2c3de
