ID TIME n private balances connectivity
7 1787185849.02 0 {} {} {'enode://1@127.0.0.1:1234': 0, 'enode://2@127.0.0.1:1235': 0, 'enode://3@127.0.0.1:1236': 0, 'enode://4@127.0.0.1:1237': 0, 'enode://5@127.0.0.1:1238': 0, 'enode://6@127.0.0.1:1239': 0, 'enode://7@127.0.0.1:1240': 0, 'enode://8@127.0.0.1:1241': 0, 'enode://9@127.0.0.1:1242': 0, 'enode://10@127.0.0.1:1243': 0, 'enode://11@127.0.0.1:1244': 0, 'enode://12@127.0.0.1:1245': 0, 'enode://13@127.0.0.1:1246': 0, 'enode://14@127.0.0.1:1247': 0, 'enode://15@127.0.0.1:1248': 0}
7 1787185849.02 4 None {'15': 0, '0': 0} {'enode://1@127.0.0.1:1234': 0, 'enode://2@127.0.0.1:1235': 0, 'enode://3@127.0.0.1:1236': 0, 'enode://4@127.0.0.1:1237': 0, 'enode://5@127.0.0.1:1238': 0, 'enode://6@127.0.0.1:1239': 0, 'enode://7@127.0.0.1:1240': 0, 'enode://8@127.0.0.1:1241': 0, 'enode://9@127.0.0.1:1242': 0, 'enode://10@127.0.0.1:1243': 0, 'enode://11@127.0.0.1:1244': 0, 'enode://12@127.0.0.1:1245': 0, 'enode://13@127.0.0.1:1246': 0, 'enode://14@127.0.0.1:1247': 0, 'enode://15@127.0.0.1:1248': -7}
7 1787185849.02 76 None {'15': 4, '0': 0, '3': 0, '9': 0, '8': 0, '12': 0, '2': 0, '1': 0, '10': 0, '6': 0, '5': 0, '11': 0, '14': 0, '4': 0, '13': 0, '7': 0} {'enode://1@127.0.0.1:1234': 5, 'enode://2@127.0.0.1:1235': 5, 'enode://3@127.0.0.1:1236': -7, 'enode://4@127.0.0.1:1237': 3, 'enode://5@127.0.0.1:1238': 8, 'enode://6@127.0.0.1:1239': 8, 'enode://7@127.0.0.1:1240': 1, 'enode://8@127.0.0.1:1241': 7, 'enode://9@127.0.0.1:1242': 3, 'enode://10@127.0.0.1:1243': 4, 'enode://11@127.0.0.1:1244': 2, 'enode://12@127.0.0.1:1245': 8, 'enode://13@127.0.0.1:1246': 6, 'enode://14@127.0.0.1:1247': 5, 'enode://15@127.0.0.1:1248': -6}
7 1787185849.021 132 None {'15': 4, '0': 0, '3': 71, '9': 0, '8': 0, '12': 0, '2': 0, '1': 0, '10': 0, '6': 0, '5': 0, '11': 0, '14': 0, '4': 0, '13': 0, '7': 0} {'enode://1@127.0.0.1:1234': 5, 'enode://2@127.0.0.1:1235': 7, 'enode://3@127.0.0.1:1236': -6, 'enode://4@127.0.0.1:1237': 6, 'enode://5@127.0.0.1:1238': 9, 'enode://6@127.0.0.1:1239': 8, 'enode://7@127.0.0.1:1240': 1, 'enode://8@127.0.0.1:1241': 7, 'enode://9@127.0.0.1:1242': 4, 'enode://10@127.0.0.1:1243': 6, 'enode://11@127.0.0.1:1244': 4, 'enode://12@127.0.0.1:1245': -7, 'enode://13@127.0.0.1:1246': 7, 'enode://14@127.0.0.1:1247': 6, 'enode://15@127.0.0.1:1248': -5}
7 1787185849.021 141 None {'15': 4, '0': 0, '3': 71, '9': 0, '8': 0, '12': 55, '2': 0, '1': 0, '10': 0, '6': 0, '5': 0, '11': 0, '14': 0, '4': 0, '13': 0, '7': 0} {'enode://1@127.0.0.1:1234': 2, 'enode://2@127.0.0.1:1235': 6, 'enode://3@127.0.0.1:1236': -5, 'enode://4@127.0.0.1:1237': 5, 'enode://5@127.0.0.1:1238': -7, 'enode://6@127.0.0.1:1239': 2, 'enode://7@127.0.0.1:1240': 0, 'enode://8@127.0.0.1:1241': 5, 'enode://9@127.0.0.1:1242': 4, 'enode://10@127.0.0.1:1243': 5, 'enode://11@127.0.0.1:1244': 3, 'enode://12@127.0.0.1:1245': -6, 'enode://13@127.0.0.1:1246': 6, 'enode://14@127.0.0.1:1247': 5, 'enode://15@127.0.0.1:1248': -4}
7 1787185849.021 183 None {'15': 4, '0': 0, '3': 71, '9': 0, '8': 0, '12': 55, '2': 0, '1': 0, '10': 0, '6': 0, '5': 8, '11': 0, '14': 0, '4': 0, '13': 0, '7': 0} {'enode://1@127.0.0.1:1234': 3, 'enode://2@127.0.0.1:1235': 6, 'enode://3@127.0.0.1:1236': -4, 'enode://4@127.0.0.1:1237': 7, 'enode://5@127.0.0.1:1238': -6, 'enode://6@127.0.0.1:1239': 2, 'enode://7@127.0.0.1:1240': 2, 'enode://8@127.0.0.1:1241': 5, 'enode://9@127.0.0.1:1242': 4, 'enode://10@127.0.0.1:1243': -7, 'enode://11@127.0.0.1:1244': 3, 'enode://12@127.0.0.1:1245': -5, 'enode://13@127.0.0.1:1246': 6, 'enode://14@127.0.0.1:1247': 6, 'enode://15@127.0.0.1:1248': -3}
7 1787185849.021 205 None {'15': 4, '0': 0, '3': 71, '9': 0, '8': 0, '12': 55, '2': 0, '1': 0, '10': 41, '6': 0, '5': 8, '11': 0, '14': 0, '4': 0, '13': 0, '7': 0} {'enode://1@127.0.0.1:1234': 3, 'enode://2@127.0.0.1:1235': 0, 'enode://3@127.0.0.1:1236': -3, 'enode://4@127.0.0.1:1237': 2, 'enode://5@127.0.0.1:1238': -5, 'enode://6@127.0.0.1:1239': 0, 'enode://7@127.0.0.1:1240': 2, 'enode://8@127.0.0.1:1241': 0, 'enode://9@127.0.0.1:1242': 0, 'enode://10@127.0.0.1:1243': -6, 'enode://11@127.0.0.1:1244': 0, 'enode://12@127.0.0.1:1245': -4, 'enode://13@127.0.0.1:1246': 0, 'enode://14@127.0.0.1:1247': -7, 'enode://15@127.0.0.1:1248': -2}
7 1787185849.021 206 None {'15': 4, '0': 0, '3': 71, '9': 0, '8': 0, '12': 55, '2': 0, '1': 0, '10': 41, '6': 0, '5': 8, '11': 0, '14': 21, '4': 0, '13': 0, '7': 0} {'enode://1@127.0.0.1:1234': -7, 'enode://2@127.0.0.1:1235': 0, 'enode://3@127.0.0.1:1236': -2, 'enode://4@127.0.0.1:1237': 0, 'enode://5@127.0.0.1:1238': -4, 'enode://6@127.0.0.1:1239': 0, 'enode://7@127.0.0.1:1240': 2, 'enode://8@127.0.0.1:1241': 0, 'enode://9@127.0.0.1:1242': 0, 'enode://10@127.0.0.1:1243': -5, 'enode://11@127.0.0.1:1244': 0, 'enode://12@127.0.0.1:1245': -3, 'enode://13@127.0.0.1:1246': 0, 'enode://14@127.0.0.1:1247': -6, 'enode://15@127.0.0.1:1248': -1}
7 1787185849.021 265 None {'15': 4, '0': 0, '3': 71, '9': 0, '8': 0, '12': 55, '2': 0, '1': 0, '10': 41, '6': 0, '5': 8, '11': 0, '14': 21, '4': 0, '13': 0, '7': 0} {'enode://1@127.0.0.1:1234': -6, 'enode://2@127.0.0.1:1235': 3, 'enode://3@127.0.0.1:1236': -1, 'enode://4@127.0.0.1:1237': 3, 'enode://5@127.0.0.1:1238': -3, 'enode://6@127.0.0.1:1239': 0, 'enode://7@127.0.0.1:1240': -7, 'enode://8@127.0.0.1:1241': 2, 'enode://9@127.0.0.1:1242': 7, 'enode://10@127.0.0.1:1243': -4, 'enode://11@127.0.0.1:1244': 4, 'enode://12@127.0.0.1:1245': -2, 'enode://13@127.0.0.1:1246': 4, 'enode://14@127.0.0.1:1247': -5, 'enode://15@127.0.0.1:1248': 0}
7 1787185849.021 327 None {'15': 4, '0': 0, '3': 71, '9': 0, '8': 0, '12': 55, '2': 0, '1': 0, '10': 41, '6': 0, '5': 8, '11': 0, '14': 21, '4': 0, '13': 0, '7': 58} {'enode://1@127.0.0.1:1234': -5, 'enode://2@127.0.0.1:1235': 0, 'enode://3@127.0.0.1:1236': 0, 'enode://4@127.0.0.1:1237': 0, 'enode://5@127.0.0.1:1238': -2, 'enode://6@127.0.0.1:1239': 0, 'enode://7@127.0.0.1:1240': -6, 'enode://8@127.0.0.1:1241': 0, 'enode://9@127.0.0.1:1242': -7, 'enode://10@127.0.0.1:1243': -3, 'enode://11@127.0.0.1:1244': 1, 'enode://12@127.0.0.1:1245': -1, 'enode://13@127.0.0.1:1246': 0, 'enode://14@127.0.0.1:1247': -4, 'enode://15@127.0.0.1:1248': 0}
7 1787185849.021 395 None {'15': 4, '0': 0, '3': 71, '9': 61, '8': 0, '12': 55, '2': 0, '1': 0, '10': 41, '6': 0, '5': 8, '11': 0, '14': 21, '4': 0, '13': 0, '7': 58} {'enode://1@127.0.0.1:1234': -4, 'enode://2@127.0.0.1:1235': 3, 'enode://3@127.0.0.1:1236': 4, 'enode://4@127.0.0.1:1237': 3, 'enode://5@127.0.0.1:1238': -1, 'enode://6@127.0.0.1:1239': 1, 'enode://7@127.0.0.1:1240': -5, 'enode://8@127.0.0.1:1241': -7, 'enode://9@127.0.0.1:1242': -6, 'enode://10@127.0.0.1:1243': -2, 'enode://11@127.0.0.1:1244': 4, 'enode://12@127.0.0.1:1245': 0, 'enode://13@127.0.0.1:1246': 3, 'enode://14@127.0.0.1:1247': -3, 'enode://15@127.0.0.1:1248': 2}
7 1787185849.021 397 None {'15': 4, '0': 0, '3': 71, '9': 61, '8': 67, '12': 55, '2': 0, '1': 0, '10': 41, '6': 0, '5': 8, '11': 0, '14': 21, '4': 0, '13': 0, '7': 58} {'enode://1@127.0.0.1:1234': -3, 'enode://2@127.0.0.1:1235': 2, 'enode://3@127.0.0.1:1236': 1, 'enode://4@127.0.0.1:1237': 0, 'enode://5@127.0.0.1:1238': 0, 'enode://6@127.0.0.1:1239': 0, 'enode://7@127.0.0.1:1240': -4, 'enode://8@127.0.0.1:1241': -6, 'enode://9@127.0.0.1:1242': -5, 'enode://10@127.0.0.1:1243': -1, 'enode://11@127.0.0.1:1244': -7, 'enode://12@127.0.0.1:1245': 4, 'enode://13@127.0.0.1:1246': 0, 'enode://14@127.0.0.1:1247': -2, 'enode://15@127.0.0.1:1248': 1}
7 1787185849.021 399 None {'15': 4, '0': 0, '3': 71, '9': 61, '8': 67, '12': 55, '2': 0, '1': 0, '10': 41, '6': 0, '5': 8, '11': 1, '14': 21, '4': 0, '13': 0, '7': 58} {'enode://1@127.0.0.1:1234': -2, 'enode://2@127.0.0.1:1235': 2, 'enode://3@127.0.0.1:1236': 1, 'enode://4@127.0.0.1:1237': 0, 'enode://5@127.0.0.1:1238': 0, 'enode://6@127.0.0.1:1239': 0, 'enode://7@127.0.0.1:1240': -3, 'enode://8@127.0.0.1:1241': -5, 'enode://9@127.0.0.1:1242': -4, 'enode://10@127.0.0.1:1243': 0, 'enode://11@127.0.0.1:1244': -6, 'enode://12@127.0.0.1:1245': -7, 'enode://13@127.0.0.1:1246': 0, 'enode://14@127.0.0.1:1247': -1, 'enode://15@127.0.0.1:1248': 1}
7 1787185849.021 462 None {'15': 4, '0': 0, '3': 71, '9': 61, '8': 67, '12': 56, '2': 0, '1': 0, '10': 41, '6': 0, '5': 8, '11': 1, '14': 21, '4': 0, '13': 0, '7': 58} {'enode://1@127.0.0.1:1234': -1, 'enode://2@127.0.0.1:1235': 2, 'enode://3@127.0.0.1:1236': 0, 'enode://4@127.0.0.1:1237': 0, 'enode://5@127.0.0.1:1238': 3, 'enode://6@127.0.0.1:1239': 2, 'enode://7@127.0.0.1:1240': -2, 'enode://8@127.0.0.1:1241': -4, 'enode://9@127.0.0.1:1242': -3, 'enode://10@127.0.0.1:1243': 1, 'enode://11@127.0.0.1:1244': -5, 'enode://12@127.0.0.1:1245': -6, 'enode://13@127.0.0.1:1246': 3, 'enode://14@127.0.0.1:1247': 0, 'enode://15@127.0.0.1:1248': -7}
7 1787185849.021 473 None {'15': 66, '0': 0, '3': 71, '9': 61, '8': 67, '12': 56, '2': 0, '1': 0, '10': 41, '6': 0, '5': 8, '11': 1, '14': 21, '4': 0, '13': 0, '7': 58} {'enode://1@127.0.0.1:1234': 0, 'enode://2@127.0.0.1:1235': 0, 'enode://3@127.0.0.1:1236': 0, 'enode://4@127.0.0.1:1237': 0, 'enode://5@127.0.0.1:1238': 2, 'enode://6@127.0.0.1:1239': 1, 'enode://7@127.0.0.1:1240': -1, 'enode://8@127.0.0.1:1241': -3, 'enode://9@127.0.0.1:1242': -2, 'enode://10@127.0.0.1:1243': 0, 'enode://11@127.0.0.1:1244': -4, 'enode://12@127.0.0.1:1245': -5, 'enode://13@127.0.0.1:1246': -7, 'enode://14@127.0.0.1:1247': 2, 'enode://15@127.0.0.1:1248': -6}
7 1787185849.021 478 None {'15': 66, '0': 0, '3': 71, '9': 61, '8': 67, '12': 56, '2': 0, '1': 0, '10': 41, '6': 0, '5': 8, '11': 1, '14': 21, '4': 0, '13': 10, '7': 58} {'enode://1@127.0.0.1:1234': 5, 'enode://2@127.0.0.1:1235': 0, 'enode://3@127.0.0.1:1236': 0, 'enode://4@127.0.0.1:1237': 0, 'enode://5@127.0.0.1:1238': -7, 'enode://6@127.0.0.1:1239': 2, 'enode://7@127.0.0.1:1240': 0, 'enode://8@127.0.0.1:1241': -2, 'enode://9@127.0.0.1:1242': -1, 'enode://10@127.0.0.1:1243': 0, 'enode://11@127.0.0.1:1244': -3, 'enode://12@127.0.0.1:1245': -4, 'enode://13@127.0.0.1:1246': -6, 'enode://14@127.0.0.1:1247': 2, 'enode://15@127.0.0.1:1248': -5}
7 1787185849.021 497 None {'15': 66, '0': 0, '3': 71, '9': 61, '8': 67, '12': 56, '2': 0, '1': 0, '10': 41, '6': 0, '5': 12, '11': 1, '14': 21, '4': 0, '13': 10, '7': 58} {'enode://1@127.0.0.1:1234': -7, 'enode://2@127.0.0.1:1235': 0, 'enode://3@127.0.0.1:1236': 0, 'enode://4@127.0.0.1:1237': 0, 'enode://5@127.0.0.1:1238': -6, 'enode://6@127.0.0.1:1239': 4, 'enode://7@127.0.0.1:1240': 0, 'enode://8@127.0.0.1:1241': -1, 'enode://9@127.0.0.1:1242': 0, 'enode://10@127.0.0.1:1243': 0, 'enode://11@127.0.0.1:1244': -2, 'enode://12@127.0.0.1:1245': -3, 'enode://13@127.0.0.1:1246': -5, 'enode://14@127.0.0.1:1247': 0, 'enode://15@127.0.0.1:1248': -4}
7 1787185849.021 498 None {'15': 66, '0': 0, '3': 71, '9': 61, '8': 67, '12': 56, '2': 0, '1': 18, '10': 41, '6': 0, '5': 12, '11': 1, '14': 21, '4': 0, '13': 10, '7': 58} {'enode://1@127.0.0.1:1234': -6, 'enode://2@127.0.0.1:1235': 0, 'enode://3@127.0.0.1:1236': 0, 'enode://4@127.0.0.1:1237': 0, 'enode://5@127.0.0.1:1238': -5, 'enode://6@127.0.0.1:1239': -7, 'enode://7@127.0.0.1:1240': 0, 'enode://8@127.0.0.1:1241': 0, 'enode://9@127.0.0.1:1242': 4, 'enode://10@127.0.0.1:1243': 0, 'enode://11@127.0.0.1:1244': -1, 'enode://12@127.0.0.1:1245': -2, 'enode://13@127.0.0.1:1246': -4, 'enode://14@127.0.0.1:1247': 0, 'enode://15@127.0.0.1:1248': -3}
7 1787185849.021 568 None {'15': 66, '0': 0, '3': 71, '9': 61, '8': 67, '12': 56, '2': 0, '1': 18, '10': 41, '6': 0, '5': 12, '11': 1, '14': 21, '4': 0, '13': 10, '7': 58} {'enode://1@127.0.0.1:1234': -5, 'enode://2@127.0.0.1:1235': 1, 'enode://3@127.0.0.1:1236': 0, 'enode://4@127.0.0.1:1237': 0, 'enode://5@127.0.0.1:1238': -4, 'enode://6@127.0.0.1:1239': -6, 'enode://7@127.0.0.1:1240': 2, 'enode://8@127.0.0.1:1241': 0, 'enode://9@127.0.0.1:1242': -7, 'enode://10@127.0.0.1:1243': 4, 'enode://11@127.0.0.1:1244': 0, 'enode://12@127.0.0.1:1245': -1, 'enode://13@127.0.0.1:1246': -3, 'enode://14@127.0.0.1:1247': 2, 'enode://15@127.0.0.1:1248': -2}
7 1787185849.021 573 None {'15': 66, '0': 0, '3': 71, '9': 130, '8': 67, '12': 56, '2': 0, '1': 18, '10': 41, '6': 0, '5': 12, '11': 1, '14': 21, '4': 0, '13': 10, '7': 58} {'enode://1@127.0.0.1:1234': -4, 'enode://2@127.0.0.1:1235': 1, 'enode://3@127.0.0.1:1236': 0, 'enode://4@127.0.0.1:1237': 0, 'enode://5@127.0.0.1:1238': -3, 'enode://6@127.0.0.1:1239': -5, 'enode://7@127.0.0.1:1240': 2, 'enode://8@127.0.0.1:1241': 0, 'enode://9@127.0.0.1:1242': -6, 'enode://10@127.0.0.1:1243': -7, 'enode://11@127.0.0.1:1244': 1, 'enode://12@127.0.0.1:1245': 0, 'enode://13@127.0.0.1:1246': -2, 'enode://14@127.0.0.1:1247': 2, 'enode://15@127.0.0.1:1248': -1}
7 1787185849.022 579 None {'15': 66, '0': 0, '3': 71, '9': 130, '8': 67, '12': 56, '2': 0, '1': 18, '10': 45, '6': 0, '5': 12, '11': 1, '14': 21, '4': 0, '13': 10, '7': 58} {'enode://1@127.0.0.1:1234': -3, 'enode://2@127.0.0.1:1235': 1, 'enode://3@127.0.0.1:1236': 0, 'enode://4@127.0.0.1:1237': 0, 'enode://5@127.0.0.1:1238': -2, 'enode://6@127.0.0.1:1239': -4, 'enode://7@127.0.0.1:1240': -7, 'enode://8@127.0.0.1:1241': 0, 'enode://9@127.0.0.1:1242': -5, 'enode://10@127.0.0.1:1243': -6, 'enode://11@127.0.0.1:1244': 0, 'enode://12@127.0.0.1:1245': 2, 'enode://13@127.0.0.1:1246': -1, 'enode://14@127.0.0.1:1247': 2, 'enode://15@127.0.0.1:1248': 0}
7 1787185849.022 580 None {'15': 66, '0': 0, '3': 71, '9': 130, '8': 67, '12': 56, '2': 0, '1': 18, '10': 45, '6': 0, '5': 12, '11': 1, '14': 21, '4': 0, '13': 10, '7': 63} {'enode://1@127.0.0.1:1234': -2, 'enode://2@127.0.0.1:1235': 1, 'enode://3@127.0.0.1:1236': 0, 'enode://4@127.0.0.1:1237': 0, 'enode://5@127.0.0.1:1238': -1, 'enode://6@127.0.0.1:1239': -3, 'enode://7@127.0.0.1:1240': -6, 'enode://8@127.0.0.1:1241': 0, 'enode://9@127.0.0.1:1242': -4, 'enode://10@127.0.0.1:1243': -5, 'enode://11@127.0.0.1:1244': 0, 'enode://12@127.0.0.1:1245': 2, 'enode://13@127.0.0.1:1246': 0, 'enode://14@127.0.0.1:1247': -7, 'enode://15@127.0.0.1:1248': 2}
7 1787185849.022 664 None {'15': 66, '0': 0, '3': 71, '9': 130, '8': 67, '12': 56, '2': 0, '1': 18, '10': 45, '6': 0, '5': 12, '11': 1, '14': 21, '4': 0, '13': 10, '7': 63} {'enode://1@127.0.0.1:1234': -1, 'enode://2@127.0.0.1:1235': 4, 'enode://3@127.0.0.1:1236': 2, 'enode://4@127.0.0.1:1237': 2, 'enode://5@127.0.0.1:1238': 0, 'enode://6@127.0.0.1:1239': -2, 'enode://7@127.0.0.1:1240': -5, 'enode://8@127.0.0.1:1241': 4, 'enode://9@127.0.0.1:1242': -3, 'enode://10@127.0.0.1:1243': -4, 'enode://11@127.0.0.1:1244': 3, 'enode://12@127.0.0.1:1245': -7, 'enode://13@127.0.0.1:1246': 5, 'enode://14@127.0.0.1:1247': -6, 'enode://15@127.0.0.1:1248': 3}
7 1787185849.022 700 None {'15': 66, '0': 0, '3': 71, '9': 130, '8': 67, '12': 139, '2': 0, '1': 18, '10': 45, '6': 0, '5': 12, '11': 1, '14': 21, '4': 0, '13': 10, '7': 63} {'enode://1@127.0.0.1:1234': 0, 'enode://2@127.0.0.1:1235': -7, 'enode://3@127.0.0.1:1236': 2, 'enode://4@127.0.0.1:1237': 4, 'enode://5@127.0.0.1:1238': 3, 'enode://6@127.0.0.1:1239': -1, 'enode://7@127.0.0.1:1240': -4, 'enode://8@127.0.0.1:1241': 4, 'enode://9@127.0.0.1:1242': -2, 'enode://10@127.0.0.1:1243': -3, 'enode://11@127.0.0.1:1244': 4, 'enode://12@127.0.0.1:1245': -6, 'enode://13@127.0.0.1:1246': 4, 'enode://14@127.0.0.1:1247': -5, 'enode://15@127.0.0.1:1248': 1}
7 1787185849.022 723 None {'15': 66, '0': 0, '3': 71, '9': 130, '8': 67, '12': 139, '2': 35, '1': 18, '10': 45, '6': 0, '5': 12, '11': 1, '14': 21, '4': 0, '13': 10, '7': 63} {'enode://1@127.0.0.1:1234': 0, 'enode://2@127.0.0.1:1235': -6, 'enode://3@127.0.0.1:1236': 1, 'enode://4@127.0.0.1:1237': 5, 'enode://5@127.0.0.1:1238': 3, 'enode://6@127.0.0.1:1239': 0, 'enode://7@127.0.0.1:1240': -3, 'enode://8@127.0.0.1:1241': -7, 'enode://9@127.0.0.1:1242': -1, 'enode://10@127.0.0.1:1243': -2, 'enode://11@127.0.0.1:1244': 4, 'enode://12@127.0.0.1:1245': -5, 'enode://13@127.0.0.1:1246': 3, 'enode://14@127.0.0.1:1247': -4, 'enode://15@127.0.0.1:1248': 2}
7 1787185849.022 739 None {'15': 66, '0': 0, '3': 71, '9': 130, '8': 89, '12': 139, '2': 35, '1': 18, '10': 45, '6': 0, '5': 12, '11': 1, '14': 21, '4': 0, '13': 10, '7': 63} {'enode://1@127.0.0.1:1234': 0, 'enode://2@127.0.0.1:1235': -5, 'enode://3@127.0.0.1:1236': 0, 'enode://4@127.0.0.1:1237': -7, 'enode://5@127.0.0.1:1238': 0, 'enode://6@127.0.0.1:1239': 0, 'enode://7@127.0.0.1:1240': -2, 'enode://8@127.0.0.1:1241': -6, 'enode://9@127.0.0.1:1242': 0, 'enode://10@127.0.0.1:1243': -1, 'enode://11@127.0.0.1:1244': 2, 'enode://12@127.0.0.1:1245': -4, 'enode://13@127.0.0.1:1246': 0, 'enode://14@127.0.0.1:1247': -3, 'enode://15@127.0.0.1:1248': 0}
7 1787185849.022 799 None {'15': 66, '0': 0, '3': 71, '9': 130, '8': 89, '12': 139, '2': 35, '1': 18, '10': 45, '6': 0, '5': 12, '11': 1, '14': 21, '4': 15, '13': 10, '7': 63} {'enode://1@127.0.0.1:1234': 4, 'enode://2@127.0.0.1:1235': -4, 'enode://3@127.0.0.1:1236': 0, 'enode://4@127.0.0.1:1237': -6, 'enode://5@127.0.0.1:1238': 5, 'enode://6@127.0.0.1:1239': 5, 'enode://7@127.0.0.1:1240': -1, 'enode://8@127.0.0.1:1241': -5, 'enode://9@127.0.0.1:1242': 2, 'enode://10@127.0.0.1:1243': 0, 'enode://11@127.0.0.1:1244': 3, 'enode://12@127.0.0.1:1245': -3, 'enode://13@127.0.0.1:1246': 7, 'enode://14@127.0.0.1:1247': -2, 'enode://15@127.0.0.1:1248': -7}
7 1787185849.022 819 None {'15': 125, '0': 0, '3': 71, '9': 130, '8': 89, '12': 139, '2': 35, '1': 18, '10': 45, '6': 0, '5': 12, '11': 1, '14': 21, '4': 15, '13': 10, '7': 63} {'enode://1@127.0.0.1:1234': 4, 'enode://2@127.0.0.1:1235': -3, 'enode://3@127.0.0.1:1236': 0, 'enode://4@127.0.0.1:1237': -5, 'enode://5@127.0.0.1:1238': 5, 'enode://6@127.0.0.1:1239': 5, 'enode://7@127.0.0.1:1240': 0, 'enode://8@127.0.0.1:1241': -4, 'enode://9@127.0.0.1:1242': 2, 'enode://10@127.0.0.1:1243': 1, 'enode://11@127.0.0.1:1244': 3, 'enode://12@127.0.0.1:1245': -2, 'enode://13@127.0.0.1:1246': -7, 'enode://14@127.0.0.1:1247': -1, 'enode://15@127.0.0.1:1248': -6}
7 1787185849.022 825 None {'15': 125, '0': 0, '3': 71, '9': 130, '8': 89, '12': 139, '2': 35, '1': 18, '10': 45, '6': 0, '5': 12, '11': 1, '14': 21, '4': 15, '13': 29, '7': 63} {'enode://1@127.0.0.1:1234': 5, 'enode://2@127.0.0.1:1235': -2, 'enode://3@127.0.0.1:1236': 0, 'enode://4@127.0.0.1:1237': -4, 'enode://5@127.0.0.1:1238': -7, 'enode://6@127.0.0.1:1239': 4, 'enode://7@127.0.0.1:1240': 5, 'enode://8@127.0.0.1:1241': -3, 'enode://9@127.0.0.1:1242': 0, 'enode://10@127.0.0.1:1243': 0, 'enode://11@127.0.0.1:1244': 0, 'enode://12@127.0.0.1:1245': -1, 'enode://13@127.0.0.1:1246': -6, 'enode://14@127.0.0.1:1247': 0, 'enode://15@127.0.0.1:1248': -5}
7 1787185849.022 839 None {'15': 125, '0': 0, '3': 71, '9': 130, '8': 89, '12': 139, '2': 35, '1': 18, '10': 45, '6': 0, '5': 17, '11': 1, '14': 21, '4': 15, '13': 29, '7': 63} {'enode://1@127.0.0.1:1234': 5, 'enode://2@127.0.0.1:1235': -1, 'enode://3@127.0.0.1:1236': 0, 'enode://4@127.0.0.1:1237': -3, 'enode://5@127.0.0.1:1238': -6, 'enode://6@127.0.0.1:1239': 4, 'enode://7@127.0.0.1:1240': -7, 'enode://8@127.0.0.1:1241': -2, 'enode://9@127.0.0.1:1242': 0, 'enode://10@127.0.0.1:1243': 0, 'enode://11@127.0.0.1:1244': 0, 'enode://12@127.0.0.1:1245': 0, 'enode://13@127.0.0.1:1246': -5, 'enode://14@127.0.0.1:1247': 0, 'enode://15@127.0.0.1:1248': -4}
7 1787185849.022 978 None {'15': 125, '0': 0, '3': 71, '9': 130, '8': 89, '12': 139, '2': 35, '1': 18, '10': 45, '6': 0, '5': 17, '11': 1, '14': 21, '4': 15, '13': 29, '7': 76} {'enode://1@127.0.0.1:1234': 4, 'enode://2@127.0.0.1:1235': 0, 'enode://3@127.0.0.1:1236': 2, 'enode://4@127.0.0.1:1237': -2, 'enode://5@127.0.0.1:1238': -5, 'enode://6@127.0.0.1:1239': -7, 'enode://7@127.0.0.1:1240': -6, 'enode://8@127.0.0.1:1241': -1, 'enode://9@127.0.0.1:1242': 4, 'enode://10@127.0.0.1:1243': 3, 'enode://11@127.0.0.1:1244': 2, 'enode://12@127.0.0.1:1245': 5, 'enode://13@127.0.0.1:1246': -4, 'enode://14@127.0.0.1:1247': 5, 'enode://15@127.0.0.1:1248': -3}
7 1787185849.022 983 None {'15': 125, '0': 0, '3': 71, '9': 130, '8': 89, '12': 139, '2': 35, '1': 18, '10': 45, '6': 138, '5': 17, '11': 1, '14': 21, '4': 15, '13': 29, '7': 76} {'enode://1@127.0.0.1:1234': 0, 'enode://2@127.0.0.1:1235': 0, 'enode://3@127.0.0.1:1236': 0, 'enode://4@127.0.0.1:1237': -1, 'enode://5@127.0.0.1:1238': -4, 'enode://6@127.0.0.1:1239': -6, 'enode://7@127.0.0.1:1240': -5, 'enode://8@127.0.0.1:1241': 0, 'enode://9@127.0.0.1:1242': 1, 'enode://10@127.0.0.1:1243': 1, 'enode://11@127.0.0.1:1244': 0, 'enode://12@127.0.0.1:1245': -7, 'enode://13@127.0.0.1:1246': -3, 'enode://14@127.0.0.1:1247': 2, 'enode://15@127.0.0.1:1248': -2}
7 1787185849.022 1021 None {'15': 125, '0': 0, '3': 71, '9': 130, '8': 89, '12': 143, '2': 35, '1': 18, '10': 45, '6': 138, '5': 17, '11': 1, '14': 21, '4': 15, '13': 29, '7': 76} {'enode://1@127.0.0.1:1234': 0, 'enode://2@127.0.0.1:1235': 2, 'enode://3@127.0.0.1:1236': 4, 'enode://4@127.0.0.1:1237': 0, 'enode://5@127.0.0.1:1238': -3, 'enode://6@127.0.0.1:1239': -5, 'enode://7@127.0.0.1:1240': -4, 'enode://8@127.0.0.1:1241': 5, 'enode://9@127.0.0.1:1242': 5, 'enode://10@127.0.0.1:1243': 1, 'enode://11@127.0.0.1:1244': 0, 'enode://12@127.0.0.1:1245': -6, 'enode://13@127.0.0.1:1246': -2, 'enode://14@127.0.0.1:1247': -7, 'enode://15@127.0.0.1:1248': -1}
7 1787185849.022 1053 None {'15': 125, '0': 0, '3': 71, '9': 130, '8': 89, '12': 143, '2': 35, '1': 18, '10': 45, '6': 138, '5': 17, '11': 1, '14': 58, '4': 15, '13': 29, '7': 76} {'enode://1@127.0.0.1:1234': 0, 'enode://2@127.0.0.1:1235': 0, 'enode://3@127.0.0.1:1236': 4, 'enode://4@127.0.0.1:1237': 3, 'enode://5@127.0.0.1:1238': -2, 'enode://6@127.0.0.1:1239': -4, 'enode://7@127.0.0.1:1240': -3, 'enode://8@127.0.0.1:1241': -7, 'enode://9@127.0.0.1:1242': 5, 'enode://10@127.0.0.1:1243': 2, 'enode://11@127.0.0.1:1244': 0, 'enode://12@127.0.0.1:1245': -5, 'enode://13@127.0.0.1:1246': -1, 'enode://14@127.0.0.1:1247': -6, 'enode://15@127.0.0.1:1248': 0}
7 1787185849.022 1054 None {'15': 125, '0': 0, '3': 71, '9': 130, '8': 120, '12': 143, '2': 35, '1': 18, '10': 45, '6': 138, '5': 17, '11': 1, '14': 58, '4': 15, '13': 29, '7': 76} {'enode://1@127.0.0.1:1234': 0, 'enode://2@127.0.0.1:1235': 0, 'enode://3@127.0.0.1:1236': 4, 'enode://4@127.0.0.1:1237': 3, 'enode://5@127.0.0.1:1238': -1, 'enode://6@127.0.0.1:1239': -3, 'enode://7@127.0.0.1:1240': -2, 'enode://8@127.0.0.1:1241': -6, 'enode://9@127.0.0.1:1242': -7, 'enode://10@127.0.0.1:1243': 2, 'enode://11@127.0.0.1:1244': 0, 'enode://12@127.0.0.1:1245': -4, 'enode://13@127.0.0.1:1246': 0, 'enode://14@127.0.0.1:1247': -5, 'enode://15@127.0.0.1:1248': 4}
7 1787185849.022 1104 None {'15': 125, '0': 0, '3': 71, '9': 130, '8': 120, '12': 143, '2': 35, '1': 18, '10': 45, '6': 138, '5': 17, '11': 1, '14': 58, '4': 15, '13': 29, '7': 76} {'enode://1@127.0.0.1:1234': 0, 'enode://2@127.0.0.1:1235': 0, 'enode://3@127.0.0.1:1236': 4, 'enode://4@127.0.0.1:1237': 3, 'enode://5@127.0.0.1:1238': 0, 'enode://6@127.0.0.1:1239': -2, 'enode://7@127.0.0.1:1240': -1, 'enode://8@127.0.0.1:1241': -5, 'enode://9@127.0.0.1:1242': -6, 'enode://10@127.0.0.1:1243': 6, 'enode://11@127.0.0.1:1244': 4, 'enode://12@127.0.0.1:1245': -3, 'enode://13@127.0.0.1:1246': 3, 'enode://14@127.0.0.1:1247': -4, 'enode://15@127.0.0.1:1248': -7}
7 1787185849.022 1119 None {'15': 174, '0': 0, '3': 71, '9': 130, '8': 120, '12': 143, '2': 35, '1': 18, '10': 45, '6': 138, '5': 17, '11': 1, '14': 58, '4': 15, '13': 29, '7': 76} {'enode://1@127.0.0.1:1234': 0, 'enode://2@127.0.0.1:1235': 0, 'enode://3@127.0.0.1:1236': 4, 'enode://4@127.0.0.1:1237': 3, 'enode://5@127.0.0.1:1238': 1, 'enode://6@127.0.0.1:1239': -1, 'enode://7@127.0.0.1:1240': 0, 'enode://8@127.0.0.1:1241': -4, 'enode://9@127.0.0.1:1242': -5, 'enode://10@127.0.0.1:1243': -7, 'enode://11@127.0.0.1:1244': 4, 'enode://12@127.0.0.1:1245': -2, 'enode://13@127.0.0.1:1246': 3, 'enode://14@127.0.0.1:1247': -3, 'enode://15@127.0.0.1:1248': -6}
7 1787185849.022 1124 None {'15': 174, '0': 0, '3': 71, '9': 130, '8': 120, '12': 143, '2': 35, '1': 18, '10': 59, '6': 138, '5': 17, '11': 1, '14': 58, '4': 15, '13': 29, '7': 76} {'enode://1@127.0.0.1:1234': 0, 'enode://2@127.0.0.1:1235': 0, 'enode://3@127.0.0.1:1236': 4, 'enode://4@127.0.0.1:1237': 3, 'enode://5@127.0.0.1:1238': 1, 'enode://6@127.0.0.1:1239': 0, 'enode://7@127.0.0.1:1240': 2, 'enode://8@127.0.0.1:1241': -3, 'enode://9@127.0.0.1:1242': -4, 'enode://10@127.0.0.1:1243': -6, 'enode://11@127.0.0.1:1244': -7, 'enode://12@127.0.0.1:1245': -1, 'enode://13@127.0.0.1:1246': 3, 'enode://14@127.0.0.1:1247': -2, 'enode://15@127.0.0.1:1248': -5}
7 1787185849.023 1296 None {'15': 174, '0': 0, '3': 71, '9': 130, '8': 120, '12': 143, '2': 35, '1': 18, '10': 59, '6': 138, '5': 17, '11': 5, '14': 58, '4': 15, '13': 29, '7': 76} {'enode://1@127.0.0.1:1234': 1, 'enode://2@127.0.0.1:1235': 4, 'enode://3@127.0.0.1:1236': -7, 'enode://4@127.0.0.1:1237': 4, 'enode://5@127.0.0.1:1238': 1, 'enode://6@127.0.0.1:1239': 6, 'enode://7@127.0.0.1:1240': 0, 'enode://8@127.0.0.1:1241': -2, 'enode://9@127.0.0.1:1242': -3, 'enode://10@127.0.0.1:1243': -5, 'enode://11@127.0.0.1:1244': -6, 'enode://12@127.0.0.1:1245': 0, 'enode://13@127.0.0.1:1246': 3, 'enode://14@127.0.0.1:1247': -1, 'enode://15@127.0.0.1:1248': -4}
7 1787185849.023 1322 None {'15': 174, '0': 0, '3': 242, '9': 130, '8': 120, '12': 143, '2': 35, '1': 18, '10': 59, '6': 138, '5': 17, '11': 5, '14': 58, '4': 15, '13': 29, '7': 76} {'enode://1@127.0.0.1:1234': 0, 'enode://2@127.0.0.1:1235': 0, 'enode://3@127.0.0.1:1236': -6, 'enode://4@127.0.0.1:1237': 0, 'enode://5@127.0.0.1:1238': 0, 'enode://6@127.0.0.1:1239': -7, 'enode://7@127.0.0.1:1240': 0, 'enode://8@127.0.0.1:1241': -1, 'enode://9@127.0.0.1:1242': -2, 'enode://10@127.0.0.1:1243': -4, 'enode://11@127.0.0.1:1244': -5, 'enode://12@127.0.0.1:1245': 4, 'enode://13@127.0.0.1:1246': 0, 'enode://14@127.0.0.1:1247': 0, 'enode://15@127.0.0.1:1248': -3}
7 1787185849.023 1326 None {'15': 174, '0': 0, '3': 242, '9': 130, '8': 120, '12': 143, '2': 35, '1': 18, '10': 59, '6': 163, '5': 17, '11': 5, '14': 58, '4': 15, '13': 29, '7': 76} {'enode://1@127.0.0.1:1234': 0, 'enode://2@127.0.0.1:1235': 0, 'enode://3@127.0.0.1:1236': -5, 'enode://4@127.0.0.1:1237': 0, 'enode://5@127.0.0.1:1238': 0, 'enode://6@127.0.0.1:1239': -6, 'enode://7@127.0.0.1:1240': 0, 'enode://8@127.0.0.1:1241': 0, 'enode://9@127.0.0.1:1242': -1, 'enode://10@127.0.0.1:1243': -3, 'enode://11@127.0.0.1:1244': -4, 'enode://12@127.0.0.1:1245': -7, 'enode://13@127.0.0.1:1246': 0, 'enode://14@127.0.0.1:1247': 2, 'enode://15@127.0.0.1:1248': -2}
7 1787185849.023 1336 None {'15': 174, '0': 0, '3': 242, '9': 130, '8': 120, '12': 146, '2': 35, '1': 18, '10': 59, '6': 163, '5': 17, '11': 5, '14': 58, '4': 15, '13': 29, '7': 76} {'enode://1@127.0.0.1:1234': 0, 'enode://2@127.0.0.1:1235': 0, 'enode://3@127.0.0.1:1236': -4, 'enode://4@127.0.0.1:1237': 0, 'enode://5@127.0.0.1:1238': 0, 'enode://6@127.0.0.1:1239': -5, 'enode://7@127.0.0.1:1240': 0, 'enode://8@127.0.0.1:1241': 1, 'enode://9@127.0.0.1:1242': 0, 'enode://10@127.0.0.1:1243': -2, 'enode://11@127.0.0.1:1244': -3, 'enode://12@127.0.0.1:1245': -6, 'enode://13@127.0.0.1:1246': 0, 'enode://14@127.0.0.1:1247': -7, 'enode://15@127.0.0.1:1248': -1}
7 1787185849.023 1387 None {'15': 174, '0': 0, '3': 242, '9': 130, '8': 120, '12': 146, '2': 35, '1': 18, '10': 59, '6': 163, '5': 17, '11': 5, '14': 67, '4': 15, '13': 29, '7': 76} {'enode://1@127.0.0.1:1234': 0, 'enode://2@127.0.0.1:1235': 3, 'enode://3@127.0.0.1:1236': -3, 'enode://4@127.0.0.1:1237': 4, 'enode://5@127.0.0.1:1238': 0, 'enode://6@127.0.0.1:1239': -4, 'enode://7@127.0.0.1:1240': 0, 'enode://8@127.0.0.1:1241': -7, 'enode://9@127.0.0.1:1242': 2, 'enode://10@127.0.0.1:1243': -1, 'enode://11@127.0.0.1:1244': -2, 'enode://12@127.0.0.1:1245': -5, 'enode://13@127.0.0.1:1246': 0, 'enode://14@127.0.0.1:1247': -6, 'enode://15@127.0.0.1:1248': 0}
7 1787185849.023 1388 None {'15': 174, '0': 0, '3': 242, '9': 130, '8': 170, '12': 146, '2': 35, '1': 18, '10': 59, '6': 163, '5': 17, '11': 5, '14': 67, '4': 15, '13': 29, '7': 76} {'enode://1@127.0.0.1:1234': 0, 'enode://2@127.0.0.1:1235': 3, 'enode://3@127.0.0.1:1236': -2, 'enode://4@127.0.0.1:1237': -7, 'enode://5@127.0.0.1:1238': 0, 'enode://6@127.0.0.1:1239': -3, 'enode://7@127.0.0.1:1240': 0, 'enode://8@127.0.0.1:1241': -6, 'enode://9@127.0.0.1:1242': 2, 'enode://10@127.0.0.1:1243': 0, 'enode://11@127.0.0.1:1244': -1, 'enode://12@127.0.0.1:1245': -4, 'enode://13@127.0.0.1:1246': 0, 'enode://14@127.0.0.1:1247': -5, 'enode://15@127.0.0.1:1248': 0}
7 1787185849.023 1421 None {'15': 174, '0': 0, '3': 242, '9': 130, '8': 170, '12': 146, '2': 35, '1': 18, '10': 59, '6': 163, '5': 17, '11': 5, '14': 67, '4': 15, '13': 29, '7': 76} {'enode://1@127.0.0.1:1234': 0, 'enode://2@127.0.0.1:1235': -7, 'enode://3@127.0.0.1:1236': -1, 'enode://4@127.0.0.1:1237': -6, 'enode://5@127.0.0.1:1238': 0, 'enode://6@127.0.0.1:1239': -2, 'enode://7@127.0.0.1:1240': 0, 'enode://8@127.0.0.1:1241': -5, 'enode://9@127.0.0.1:1242': 2, 'enode://10@127.0.0.1:1243': 3, 'enode://11@127.0.0.1:1244': 0, 'enode://12@127.0.0.1:1245': -3, 'enode://13@127.0.0.1:1246': 2, 'enode://14@127.0.0.1:1247': -4, 'enode://15@127.0.0.1:1248': 0}
7 1787185849.023 1487 None {'15': 174, '0': 0, '3': 242, '9': 130, '8': 170, '12': 146, '2': 67, '1': 18, '10': 59, '6': 163, '5': 17, '11': 5, '14': 67, '4': 15, '13': 29, '7': 76} {'enode://1@127.0.0.1:1234': 1, 'enode://2@127.0.0.1:1235': -6, 'enode://3@127.0.0.1:1236': 0, 'enode://4@127.0.0.1:1237': -5, 'enode://5@127.0.0.1:1238': 0, 'enode://6@127.0.0.1:1239': -1, 'enode://7@127.0.0.1:1240': 0, 'enode://8@127.0.0.1:1241': -4, 'enode://9@127.0.0.1:1242': 3, 'enode://10@127.0.0.1:1243': -7, 'enode://11@127.0.0.1:1244': 5, 'enode://12@127.0.0.1:1245': -2, 'enode://13@127.0.0.1:1246': 3, 'enode://14@127.0.0.1:1247': -3, 'enode://15@127.0.0.1:1248': 0}
7 1787185849.023 1510 None {'15': 174, '0': 0, '3': 242, '9': 130, '8': 170, '12': 146, '2': 67, '1': 18, '10': 124, '6': 163, '5': 17, '11': 5, '14': 67, '4': 15, '13': 29, '7': 76} {'enode://1@127.0.0.1:1234': 1, 'enode://2@127.0.0.1:1235': -5, 'enode://3@127.0.0.1:1236': 3, 'enode://4@127.0.0.1:1237': -4, 'enode://5@127.0.0.1:1238': 0, 'enode://6@127.0.0.1:1239': 0, 'enode://7@127.0.0.1:1240': 0, 'enode://8@127.0.0.1:1241': -3, 'enode://9@127.0.0.1:1242': 3, 'enode://10@127.0.0.1:1243': -6, 'enode://11@127.0.0.1:1244': -7, 'enode://12@127.0.0.1:1245': -1, 'enode://13@127.0.0.1:1246': 2, 'enode://14@127.0.0.1:1247': -2, 'enode://15@127.0.0.1:1248': 0}
7 1787185849.023 1561 None {'15': 174, '0': 0, '3': 242, '9': 130, '8': 170, '12': 146, '2': 67, '1': 18, '10': 124, '6': 163, '5': 17, '11': 27, '14': 67, '4': 15, '13': 29, '7': 76} {'enode://1@127.0.0.1:1234': 0, 'enode://2@127.0.0.1:1235': -4, 'enode://3@127.0.0.1:1236': 3, 'enode://4@127.0.0.1:1237': -3, 'enode://5@127.0.0.1:1238': 0, 'enode://6@127.0.0.1:1239': -7, 'enode://7@127.0.0.1:1240': 0, 'enode://8@127.0.0.1:1241': -2, 'enode://9@127.0.0.1:1242': 2, 'enode://10@127.0.0.1:1243': -5, 'enode://11@127.0.0.1:1244': -6, 'enode://12@127.0.0.1:1245': 0, 'enode://13@127.0.0.1:1246': 1, 'enode://14@127.0.0.1:1247': -1, 'enode://15@127.0.0.1:1248': 0}
7 1787185849.023 1695 None {'15': 174, '0': 0, '3': 242, '9': 130, '8': 170, '12': 146, '2': 67, '1': 18, '10': 124, '6': 213, '5': 17, '11': 27, '14': 67, '4': 15, '13': 29, '7': 76} {'enode://1@127.0.0.1:1234': 4, 'enode://2@127.0.0.1:1235': -3, 'enode://3@127.0.0.1:1236': 0, 'enode://4@127.0.0.1:1237': -2, 'enode://5@127.0.0.1:1238': 3, 'enode://6@127.0.0.1:1239': -6, 'enode://7@127.0.0.1:1240': 0, 'enode://8@127.0.0.1:1241': -1, 'enode://9@127.0.0.1:1242': -7, 'enode://10@127.0.0.1:1243': -4, 'enode://11@127.0.0.1:1244': -5, 'enode://12@127.0.0.1:1245': 6, 'enode://13@127.0.0.1:1246': 5, 'enode://14@127.0.0.1:1247': 0, 'enode://15@127.0.0.1:1248': 6}
7 1787185849.023 1748 None {'15': 174, '0': 0, '3': 242, '9': 263, '8': 170, '12': 146, '2': 67, '1': 18, '10': 124, '6': 213, '5': 17, '11': 27, '14': 67, '4': 15, '13': 29, '7': 76} {'enode://1@127.0.0.1:1234': 2, 'enode://2@127.0.0.1:1235': -2, 'enode://3@127.0.0.1:1236': 0, 'enode://4@127.0.0.1:1237': -1, 'enode://5@127.0.0.1:1238': 5, 'enode://6@127.0.0.1:1239': -5, 'enode://7@127.0.0.1:1240': 0, 'enode://8@127.0.0.1:1241': 0, 'enode://9@127.0.0.1:1242': -6, 'enode://10@127.0.0.1:1243': -3, 'enode://11@127.0.0.1:1244': -4, 'enode://12@127.0.0.1:1245': -7, 'enode://13@127.0.0.1:1246': 6, 'enode://14@127.0.0.1:1247': 8, 'enode://15@127.0.0.1:1248': 5}
7 1787185849.023 1766 None {'15': 174, '0': 0, '3': 242, '9': 263, '8': 170, '12': 198, '2': 67, '1': 18, '10': 124, '6': 213, '5': 17, '11': 27, '14': 67, '4': 15, '13': 29, '7': 76} {'enode://1@127.0.0.1:1234': 2, 'enode://2@127.0.0.1:1235': -1, 'enode://3@127.0.0.1:1236': 0, 'enode://4@127.0.0.1:1237': 0, 'enode://5@127.0.0.1:1238': 5, 'enode://6@127.0.0.1:1239': -4, 'enode://7@127.0.0.1:1240': 0, 'enode://8@127.0.0.1:1241': 6, 'enode://9@127.0.0.1:1242': -5, 'enode://10@127.0.0.1:1243': -2, 'enode://11@127.0.0.1:1244': -3, 'enode://12@127.0.0.1:1245': -6, 'enode://13@127.0.0.1:1246': 5, 'enode://14@127.0.0.1:1247': -7, 'enode://15@127.0.0.1:1248': 4}
7 1787185849.023 1798 None {'15': 174, '0': 0, '3': 242, '9': 263, '8': 170, '12': 198, '2': 67, '1': 18, '10': 124, '6': 213, '5': 17, '11': 27, '14': 84, '4': 15, '13': 29, '7': 76} {'enode://1@127.0.0.1:1234': 6, 'enode://2@127.0.0.1:1235': 0, 'enode://3@127.0.0.1:1236': 0, 'enode://4@127.0.0.1:1237': 0, 'enode://5@127.0.0.1:1238': 4, 'enode://6@127.0.0.1:1239': -3, 'enode://7@127.0.0.1:1240': 1, 'enode://8@127.0.0.1:1241': -7, 'enode://9@127.0.0.1:1242': -4, 'enode://10@127.0.0.1:1243': -1, 'enode://11@127.0.0.1:1244': -2, 'enode://12@127.0.0.1:1245': -5, 'enode://13@127.0.0.1:1246': 6, 'enode://14@127.0.0.1:1247': -6, 'enode://15@127.0.0.1:1248': 4}
7 1787185849.023 1848 None {'15': 174, '0': 0, '3': 242, '9': 263, '8': 201, '12': 198, '2': 67, '1': 18, '10': 124, '6': 213, '5': 17, '11': 27, '14': 84, '4': 15, '13': 29, '7': 76} {'enode://1@127.0.0.1:1234': -7, 'enode://2@127.0.0.1:1235': 6, 'enode://3@127.0.0.1:1236': 0, 'enode://4@127.0.0.1:1237': 0, 'enode://5@127.0.0.1:1238': 3, 'enode://6@127.0.0.1:1239': -2, 'enode://7@127.0.0.1:1240': 2, 'enode://8@127.0.0.1:1241': -6, 'enode://9@127.0.0.1:1242': -3, 'enode://10@127.0.0.1:1243': 0, 'enode://11@127.0.0.1:1244': -1, 'enode://12@127.0.0.1:1245': -4, 'enode://13@127.0.0.1:1246': 5, 'enode://14@127.0.0.1:1247': -5, 'enode://15@127.0.0.1:1248': 4}
7 1787185849.023 1857 None {'15': 174, '0': 0, '3': 242, '9': 263, '8': 201, '12': 198, '2': 67, '1': 67, '10': 124, '6': 213, '5': 17, '11': 27, '14': 84, '4': 15, '13': 29, '7': 76} {'enode://1@127.0.0.1:1234': -6, 'enode://2@127.0.0.1:1235': -7, 'enode://3@127.0.0.1:1236': 0, 'enode://4@127.0.0.1:1237': 0, 'enode://5@127.0.0.1:1238': 1, 'enode://6@127.0.0.1:1239': -1, 'enode://7@127.0.0.1:1240': 1, 'enode://8@127.0.0.1:1241': -5, 'enode://9@127.0.0.1:1242': -2, 'enode://10@127.0.0.1:1243': 2, 'enode://11@127.0.0.1:1244': 0, 'enode://12@127.0.0.1:1245': -3, 'enode://13@127.0.0.1:1246': 2, 'enode://14@127.0.0.1:1247': -4, 'enode://15@127.0.0.1:1248': 0}
7 1787185849.023 1896 None {'15': 174, '0': 0, '3': 242, '9': 263, '8': 201, '12': 198, '2': 75, '1': 67, '10': 124, '6': 213, '5': 17, '11': 27, '14': 84, '4': 15, '13': 29, '7': 76} {'enode://1@127.0.0.1:1234': -5, 'enode://2@127.0.0.1:1235': -6, 'enode://3@127.0.0.1:1236': 1, 'enode://4@127.0.0.1:1237': 0, 'enode://5@127.0.0.1:1238': 2, 'enode://6@127.0.0.1:1239': 0, 'enode://7@127.0.0.1:1240': 2, 'enode://8@127.0.0.1:1241': -4, 'enode://9@127.0.0.1:1242': -1, 'enode://10@127.0.0.1:1243': 2, 'enode://11@127.0.0.1:1244': 5, 'enode://12@127.0.0.1:1245': -2, 'enode://13@127.0.0.1:1246': -7, 'enode://14@127.0.0.1:1247': -3, 'enode://15@127.0.0.1:1248': 6}
7 1787185849.023 1908 None {'15': 174, '0': 0, '3': 242, '9': 263, '8': 201, '12': 198, '2': 75, '1': 67, '10': 124, '6': 213, '5': 17, '11': 27, '14': 84, '4': 15, '13': 67, '7': 76} {'enode://1@127.0.0.1:1234': -4, 'enode://2@127.0.0.1:1235': -5, 'enode://3@127.0.0.1:1236': 0, 'enode://4@127.0.0.1:1237': 0, 'enode://5@127.0.0.1:1238': 2, 'enode://6@127.0.0.1:1239': 5, 'enode://7@127.0.0.1:1240': 0, 'enode://8@127.0.0.1:1241': -3, 'enode://9@127.0.0.1:1242': 0, 'enode://10@127.0.0.1:1243': 1, 'enode://11@127.0.0.1:1244': 4, 'enode://12@127.0.0.1:1245': -1, 'enode://13@127.0.0.1:1246': -6, 'enode://14@127.0.0.1:1247': -2, 'enode://15@127.0.0.1:1248': -7}
7 1787185849.024 1938 None {'15': 185, '0': 0, '3': 242, '9': 263, '8': 201, '12': 198, '2': 75, '1': 67, '10': 124, '6': 213, '5': 17, '11': 27, '14': 84, '4': 15, '13': 67, '7': 76} {'enode://1@127.0.0.1:1234': -3, 'enode://2@127.0.0.1:1235': -4, 'enode://3@127.0.0.1:1236': 0, 'enode://4@127.0.0.1:1237': 0, 'enode://5@127.0.0.1:1238': 4, 'enode://6@127.0.0.1:1239': 3, 'enode://7@127.0.0.1:1240': 0, 'enode://8@127.0.0.1:1241': -2, 'enode://9@127.0.0.1:1242': 0, 'enode://10@127.0.0.1:1243': 1, 'enode://11@127.0.0.1:1244': -7, 'enode://12@127.0.0.1:1245': 0, 'enode://13@127.0.0.1:1246': -5, 'enode://14@127.0.0.1:1247': -1, 'enode://15@127.0.0.1:1248': -6}
7 1787185849.024 1943 None {'15': 185, '0': 0, '3': 242, '9': 263, '8': 201, '12': 198, '2': 75, '1': 67, '10': 124, '6': 213, '5': 17, '11': 56, '14': 84, '4': 15, '13': 67, '7': 76} {'enode://1@127.0.0.1:1234': -2, 'enode://2@127.0.0.1:1235': -3, 'enode://3@127.0.0.1:1236': 0, 'enode://4@127.0.0.1:1237': 0, 'enode://5@127.0.0.1:1238': -7, 'enode://6@127.0.0.1:1239': 2, 'enode://7@127.0.0.1:1240': 0, 'enode://8@127.0.0.1:1241': -1, 'enode://9@127.0.0.1:1242': 0, 'enode://10@127.0.0.1:1243': 0, 'enode://11@127.0.0.1:1244': -6, 'enode://12@127.0.0.1:1245': 0, 'enode://13@127.0.0.1:1246': -4, 'enode://14@127.0.0.1:1247': 0, 'enode://15@127.0.0.1:1248': -5}
7 1787185849.024 2045 None {'15': 185, '0': 0, '3': 242, '9': 263, '8': 201, '12': 198, '2': 75, '1': 67, '10': 124, '6': 213, '5': 21, '11': 56, '14': 84, '4': 15, '13': 67, '7': 76} {'enode://1@127.0.0.1:1234': -1, 'enode://2@127.0.0.1:1235': -2, 'enode://3@127.0.0.1:1236': 1, 'enode://4@127.0.0.1:1237': 4, 'enode://5@127.0.0.1:1238': -6, 'enode://6@127.0.0.1:1239': 1, 'enode://7@127.0.0.1:1240': -7, 'enode://8@127.0.0.1:1241': 0, 'enode://9@127.0.0.1:1242': 1, 'enode://10@127.0.0.1:1243': 3, 'enode://11@127.0.0.1:1244': -5, 'enode://12@127.0.0.1:1245': 4, 'enode://13@127.0.0.1:1246': -3, 'enode://14@127.0.0.1:1247': 2, 'enode://15@127.0.0.1:1248': -4}
7 1787185849.024 2065 None {'15': 185, '0': 0, '3': 242, '9': 263, '8': 201, '12': 198, '2': 75, '1': 67, '10': 124, '6': 213, '5': 21, '11': 56, '14': 84, '4': 15, '13': 67, '7': 177} {'enode://1@127.0.0.1:1234': 0, 'enode://2@127.0.0.1:1235': -1, 'enode://3@127.0.0.1:1236': 1, 'enode://4@127.0.0.1:1237': -7, 'enode://5@127.0.0.1:1238': -5, 'enode://6@127.0.0.1:1239': 0, 'enode://7@127.0.0.1:1240': -6, 'enode://8@127.0.0.1:1241': 3, 'enode://9@127.0.0.1:1242': 3, 'enode://10@127.0.0.1:1243': 3, 'enode://11@127.0.0.1:1244': -4, 'enode://12@127.0.0.1:1245': 5, 'enode://13@127.0.0.1:1246': -2, 'enode://14@127.0.0.1:1247': 2, 'enode://15@127.0.0.1:1248': -3}
7 1787185849.024 2133 None {'15': 185, '0': 0, '3': 242, '9': 263, '8': 201, '12': 198, '2': 75, '1': 67, '10': 124, '6': 213, '5': 21, '11': 56, '14': 84, '4': 34, '13': 67, '7': 177} {'enode://1@127.0.0.1:1234': 0, 'enode://2@127.0.0.1:1235': 0, 'enode://3@127.0.0.1:1236': 4, 'enode://4@127.0.0.1:1237': -6, 'enode://5@127.0.0.1:1238': -4, 'enode://6@127.0.0.1:1239': 0, 'enode://7@127.0.0.1:1240': -5, 'enode://8@127.0.0.1:1241': 5, 'enode://9@127.0.0.1:1242': 6, 'enode://10@127.0.0.1:1243': 4, 'enode://11@127.0.0.1:1244': -3, 'enode://12@127.0.0.1:1245': -7, 'enode://13@127.0.0.1:1246': -1, 'enode://14@127.0.0.1:1247': 0, 'enode://15@127.0.0.1:1248': -2}
7 1787185849.024 2138 None {'15': 185, '0': 0, '3': 242, '9': 263, '8': 201, '12': 265, '2': 75, '1': 67, '10': 124, '6': 213, '5': 21, '11': 56, '14': 84, '4': 34, '13': 67, '7': 177} {'enode://1@127.0.0.1:1234': 0, 'enode://2@127.0.0.1:1235': 5, 'enode://3@127.0.0.1:1236': 4, 'enode://4@127.0.0.1:1237': -5, 'enode://5@127.0.0.1:1238': -3, 'enode://6@127.0.0.1:1239': 0, 'enode://7@127.0.0.1:1240': -4, 'enode://8@127.0.0.1:1241': 3, 'enode://9@127.0.0.1:1242': -7, 'enode://10@127.0.0.1:1243': 2, 'enode://11@127.0.0.1:1244': -2, 'enode://12@127.0.0.1:1245': -6, 'enode://13@127.0.0.1:1246': 0, 'enode://14@127.0.0.1:1247': 0, 'enode://15@127.0.0.1:1248': -1}
7 1787185849.024 2156 None {'15': 185, '0': 0, '3': 242, '9': 267, '8': 201, '12': 265, '2': 75, '1': 67, '10': 124, '6': 213, '5': 21, '11': 56, '14': 84, '4': 34, '13': 67, '7': 177} {'enode://1@127.0.0.1:1234': 0, 'enode://2@127.0.0.1:1235': -7, 'enode://3@127.0.0.1:1236': 2, 'enode://4@127.0.0.1:1237': -4, 'enode://5@127.0.0.1:1238': -2, 'enode://6@127.0.0.1:1239': 0, 'enode://7@127.0.0.1:1240': -3, 'enode://8@127.0.0.1:1241': 3, 'enode://9@127.0.0.1:1242': -6, 'enode://10@127.0.0.1:1243': 2, 'enode://11@127.0.0.1:1244': -1, 'enode://12@127.0.0.1:1245': -5, 'enode://13@127.0.0.1:1246': 4, 'enode://14@127.0.0.1:1247': 0, 'enode://15@127.0.0.1:1248': 0}
7 1787185849.024 2163 None {'15': 185, '0': 0, '3': 242, '9': 267, '8': 201, '12': 265, '2': 92, '1': 67, '10': 124, '6': 213, '5': 21, '11': 56, '14': 84, '4': 34, '13': 67, '7': 177} {'enode://1@127.0.0.1:1234': 0, 'enode://2@127.0.0.1:1235': -6, 'enode://3@127.0.0.1:1236': 2, 'enode://4@127.0.0.1:1237': -3, 'enode://5@127.0.0.1:1238': -1, 'enode://6@127.0.0.1:1239': 0, 'enode://7@127.0.0.1:1240': -2, 'enode://8@127.0.0.1:1241': 3, 'enode://9@127.0.0.1:1242': -5, 'enode://10@127.0.0.1:1243': 4, 'enode://11@127.0.0.1:1244': 0, 'enode://12@127.0.0.1:1245': -4, 'enode://13@127.0.0.1:1246': -7, 'enode://14@127.0.0.1:1247': 0, 'enode://15@127.0.0.1:1248': 1}
7 1787185849.024 2194 None {'15': 185, '0': 0, '3': 242, '9': 267, '8': 201, '12': 265, '2': 92, '1': 67, '10': 124, '6': 213, '5': 21, '11': 56, '14': 84, '4': 34, '13': 73, '7': 177} {'enode://1@127.0.0.1:1234': 0, 'enode://2@127.0.0.1:1235': -5, 'enode://3@127.0.0.1:1236': 0, 'enode://4@127.0.0.1:1237': -2, 'enode://5@127.0.0.1:1238': 0, 'enode://6@127.0.0.1:1239': 0, 'enode://7@127.0.0.1:1240': -1, 'enode://8@127.0.0.1:1241': 2, 'enode://9@127.0.0.1:1242': -4, 'enode://10@127.0.0.1:1243': -7, 'enode://11@127.0.0.1:1244': 0, 'enode://12@127.0.0.1:1245': -3, 'enode://13@127.0.0.1:1246': -6, 'enode://14@127.0.0.1:1247': 0, 'enode://15@127.0.0.1:1248': 4}
7 1787185849.024 2195 None {'15': 185, '0': 0, '3': 242, '9': 267, '8': 201, '12': 265, '2': 92, '1': 67, '10': 154, '6': 213, '5': 21, '11': 56, '14': 84, '4': 34, '13': 73, '7': 177} {'enode://1@127.0.0.1:1234': 0, 'enode://2@127.0.0.1:1235': -4, 'enode://3@127.0.0.1:1236': 0, 'enode://4@127.0.0.1:1237': -1, 'enode://5@127.0.0.1:1238': 0, 'enode://6@127.0.0.1:1239': 0, 'enode://7@127.0.0.1:1240': 0, 'enode://8@127.0.0.1:1241': 2, 'enode://9@127.0.0.1:1242': -3, 'enode://10@127.0.0.1:1243': -6, 'enode://11@127.0.0.1:1244': 0, 'enode://12@127.0.0.1:1245': -2, 'enode://13@127.0.0.1:1246': -5, 'enode://14@127.0.0.1:1247': 0, 'enode://15@127.0.0.1:1248': -7}
7 1787185849.024 2224 None {'15': 185, '0': 0, '3': 242, '9': 267, '8': 201, '12': 265, '2': 92, '1': 67, '10': 154, '6': 213, '5': 21, '11': 56, '14': 84, '4': 34, '13': 73, '7': 177} {'enode://1@127.0.0.1:1234': 0, 'enode://2@127.0.0.1:1235': -3, 'enode://3@127.0.0.1:1236': 0, 'enode://4@127.0.0.1:1237': 0, 'enode://5@127.0.0.1:1238': 0, 'enode://6@127.0.0.1:1239': 0, 'enode://7@127.0.0.1:1240': 0, 'enode://8@127.0.0.1:1241': -7, 'enode://9@127.0.0.1:1242': -2, 'enode://10@127.0.0.1:1243': -5, 'enode://11@127.0.0.1:1244': 0, 'enode://12@127.0.0.1:1245': -1, 'enode://13@127.0.0.1:1246': -4, 'enode://14@127.0.0.1:1247': 0, 'enode://15@127.0.0.1:1248': -6}
7 1787185849.024 2304 None {'15': 185, '0': 0, '3': 242, '9': 267, '8': 229, '12': 265, '2': 92, '1': 67, '10': 154, '6': 213, '5': 21, '11': 56, '14': 84, '4': 34, '13': 73, '7': 177} {'enode://1@127.0.0.1:1234': -7, 'enode://2@127.0.0.1:1235': -2, 'enode://3@127.0.0.1:1236': 0, 'enode://4@127.0.0.1:1237': 0, 'enode://5@127.0.0.1:1238': 3, 'enode://6@127.0.0.1:1239': 4, 'enode://7@127.0.0.1:1240': 0, 'enode://8@127.0.0.1:1241': -6, 'enode://9@127.0.0.1:1242': -1, 'enode://10@127.0.0.1:1243': -4, 'enode://11@127.0.0.1:1244': 4, 'enode://12@127.0.0.1:1245': 0, 'enode://13@127.0.0.1:1246': -3, 'enode://14@127.0.0.1:1247': 2, 'enode://15@127.0.0.1:1248': -5}
7 1787185849.024 2336 None {'15': 185, '0': 0, '3': 242, '9': 267, '8': 229, '12': 265, '2': 92, '1': 146, '10': 154, '6': 213, '5': 21, '11': 56, '14': 84, '4': 34, '13': 73, '7': 177} {'enode://1@127.0.0.1:1234': -6, 'enode://2@127.0.0.1:1235': -1, 'enode://3@127.0.0.1:1236': 0, 'enode://4@127.0.0.1:1237': 0, 'enode://5@127.0.0.1:1238': 3, 'enode://6@127.0.0.1:1239': 3, 'enode://7@127.0.0.1:1240': 0, 'enode://8@127.0.0.1:1241': -5, 'enode://9@127.0.0.1:1242': 0, 'enode://10@127.0.0.1:1243': -3, 'enode://11@127.0.0.1:1244': -7, 'enode://12@127.0.0.1:1245': 3, 'enode://13@127.0.0.1:1246': -2, 'enode://14@127.0.0.1:1247': 1, 'enode://15@127.0.0.1:1248': -4}
7 1787185849.024 2355 None {'15': 185, '0': 0, '3': 242, '9': 267, '8': 229, '12': 265, '2': 92, '1': 146, '10': 154, '6': 213, '5': 21, '11': 87, '14': 84, '4': 34, '13': 73, '7': 177} {'enode://1@127.0.0.1:1234': -5, 'enode://2@127.0.0.1:1235': 0, 'enode://3@127.0.0.1:1236': 0, 'enode://4@127.0.0.1:1237': 0, 'enode://5@127.0.0.1:1238': 4, 'enode://6@127.0.0.1:1239': -7, 'enode://7@127.0.0.1:1240': 0, 'enode://8@127.0.0.1:1241': -4, 'enode://9@127.0.0.1:1242': 5, 'enode://10@127.0.0.1:1243': -2, 'enode://11@127.0.0.1:1244': -6, 'enode://12@127.0.0.1:1245': 3, 'enode://13@127.0.0.1:1246': -1, 'enode://14@127.0.0.1:1247': 2, 'enode://15@127.0.0.1:1248': -3}
7 1787185849.024 2397 None {'15': 185, '0': 0, '3': 242, '9': 267, '8': 229, '12': 265, '2': 92, '1': 146, '10': 154, '6': 231, '5': 21, '11': 87, '14': 84, '4': 34, '13': 73, '7': 177} {'enode://1@127.0.0.1:1234': -4, 'enode://2@127.0.0.1:1235': 0, 'enode://3@127.0.0.1:1236': 1, 'enode://4@127.0.0.1:1237': 3, 'enode://5@127.0.0.1:1238': 4, 'enode://6@127.0.0.1:1239': -6, 'enode://7@127.0.0.1:1240': 0, 'enode://8@127.0.0.1:1241': -3, 'enode://9@127.0.0.1:1242': -7, 'enode://10@127.0.0.1:1243': -1, 'enode://11@127.0.0.1:1244': -5, 'enode://12@127.0.0.1:1245': 0, 'enode://13@127.0.0.1:1246': 0, 'enode://14@127.0.0.1:1247': 2, 'enode://15@127.0.0.1:1248': -2}
7 1787185849.024 2415 None {'15': 185, '0': 0, '3': 242, '9': 308, '8': 229, '12': 265, '2': 92, '1': 146, '10': 154, '6': 231, '5': 21, '11': 87, '14': 84, '4': 34, '13': 73, '7': 177} {'enode://1@127.0.0.1:1234': -3, 'enode://2@127.0.0.1:1235': 0, 'enode://3@127.0.0.1:1236': 0, 'enode://4@127.0.0.1:1237': 3, 'enode://5@127.0.0.1:1238': -7, 'enode://6@127.0.0.1:1239': -5, 'enode://7@127.0.0.1:1240': 0, 'enode://8@127.0.0.1:1241': -2, 'enode://9@127.0.0.1:1242': -6, 'enode://10@127.0.0.1:1243': 0, 'enode://11@127.0.0.1:1244': -4, 'enode://12@127.0.0.1:1245': 0, 'enode://13@127.0.0.1:1246': 3, 'enode://14@127.0.0.1:1247': 2, 'enode://15@127.0.0.1:1248': -1}
7 1787185849.024 2454 None {'15': 185, '0': 0, '3': 242, '9': 308, '8': 229, '12': 265, '2': 92, '1': 146, '10': 154, '6': 231, '5': 38, '11': 87, '14': 84, '4': 34, '13': 73, '7': 177} {'enode://1@127.0.0.1:1234': -2, 'enode://2@127.0.0.1:1235': 1, 'enode://3@127.0.0.1:1236': 0, 'enode://4@127.0.0.1:1237': 3, 'enode://5@127.0.0.1:1238': -6, 'enode://6@127.0.0.1:1239': -4, 'enode://7@127.0.0.1:1240': 0, 'enode://8@127.0.0.1:1241': -1, 'enode://9@127.0.0.1:1242': -5, 'enode://10@127.0.0.1:1243': 2, 'enode://11@127.0.0.1:1244': -3, 'enode://12@127.0.0.1:1245': 3, 'enode://13@127.0.0.1:1246': -7, 'enode://14@127.0.0.1:1247': 2, 'enode://15@127.0.0.1:1248': 0}
7 1787185849.024 2481 None {'15': 185, '0': 0, '3': 242, '9': 308, '8': 229, '12': 265, '2': 92, '1': 146, '10': 154, '6': 231, '5': 38, '11': 87, '14': 84, '4': 34, '13': 111, '7': 177} {'enode://1@127.0.0.1:1234': -1, 'enode://2@127.0.0.1:1235': 0, 'enode://3@127.0.0.1:1236': 0, 'enode://4@127.0.0.1:1237': -7, 'enode://5@127.0.0.1:1238': -5, 'enode://6@127.0.0.1:1239': -3, 'enode://7@127.0.0.1:1240': 1, 'enode://8@127.0.0.1:1241': 0, 'enode://9@127.0.0.1:1242': -4, 'enode://10@127.0.0.1:1243': 0, 'enode://11@127.0.0.1:1244': -2, 'enode://12@127.0.0.1:1245': 1, 'enode://13@127.0.0.1:1246': -6, 'enode://14@127.0.0.1:1247': 3, 'enode://15@127.0.0.1:1248': 4}
7 1787185849.025 2515 None {'15': 185, '0': 0, '3': 242, '9': 308, '8': 229, '12': 265, '2': 92, '1': 146, '10': 154, '6': 231, '5': 38, '11': 87, '14': 84, '4': 60, '13': 111, '7': 177} {'enode://1@127.0.0.1:1234': 0, 'enode://2@127.0.0.1:1235': 0, 'enode://3@127.0.0.1:1236': 0, 'enode://4@127.0.0.1:1237': -6, 'enode://5@127.0.0.1:1238': -4, 'enode://6@127.0.0.1:1239': -2, 'enode://7@127.0.0.1:1240': 1, 'enode://8@127.0.0.1:1241': 0, 'enode://9@127.0.0.1:1242': -3, 'enode://10@127.0.0.1:1243': 0, 'enode://11@127.0.0.1:1244': -1, 'enode://12@127.0.0.1:1245': 0, 'enode://13@127.0.0.1:1246': -5, 'enode://14@127.0.0.1:1247': -7, 'enode://15@127.0.0.1:1248': 4}
7 1787185849.025 2539 None {'15': 185, '0': 0, '3': 242, '9': 308, '8': 229, '12': 265, '2': 92, '1': 146, '10': 154, '6': 231, '5': 38, '11': 87, '14': 117, '4': 60, '13': 111, '7': 177} {'enode://1@127.0.0.1:1234': 3, 'enode://2@127.0.0.1:1235': 0, 'enode://3@127.0.0.1:1236': 0, 'enode://4@127.0.0.1:1237': -5, 'enode://5@127.0.0.1:1238': -3, 'enode://6@127.0.0.1:1239': -1, 'enode://7@127.0.0.1:1240': -7, 'enode://8@127.0.0.1:1241': 0, 'enode://9@127.0.0.1:1242': -2, 'enode://10@127.0.0.1:1243': 0, 'enode://11@127.0.0.1:1244': 0, 'enode://12@127.0.0.1:1245': 0, 'enode://13@127.0.0.1:1246': -4, 'enode://14@127.0.0.1:1247': -6, 'enode://15@127.0.0.1:1248': 3}
7 1787185849.025 2597 None {'15': 185, '0': 0, '3': 242, '9': 308, '8': 229, '12': 265, '2': 92, '1': 146, '10': 154, '6': 231, '5': 38, '11': 87, '14': 117, '4': 60, '13': 111, '7': 200} {'enode://1@127.0.0.1:1234': -7, 'enode://2@127.0.0.1:1235': 0, 'enode://3@127.0.0.1:1236': 0, 'enode://4@127.0.0.1:1237': -4, 'enode://5@127.0.0.1:1238': -2, 'enode://6@127.0.0.1:1239': 0, 'enode://7@127.0.0.1:1240': -6, 'enode://8@127.0.0.1:1241': 0, 'enode://9@127.0.0.1:1242': -1, 'enode://10@127.0.0.1:1243': 0, 'enode://11@127.0.0.1:1244': 3, 'enode://12@127.0.0.1:1245': 0, 'enode://13@127.0.0.1:1246': -3, 'enode://14@127.0.0.1:1247': -5, 'enode://15@127.0.0.1:1248': 2}
7 1787185849.025 2598 None {'15': 185, '0': 0, '3': 242, '9': 308, '8': 229, '12': 265, '2': 92, '1': 203, '10': 154, '6': 231, '5': 38, '11': 87, '14': 117, '4': 60, '13': 111, '7': 200} {'enode://1@127.0.0.1:1234': -6, 'enode://2@127.0.0.1:1235': 0, 'enode://3@127.0.0.1:1236': 0, 'enode://4@127.0.0.1:1237': -3, 'enode://5@127.0.0.1:1238': -1, 'enode://6@127.0.0.1:1239': 5, 'enode://7@127.0.0.1:1240': -5, 'enode://8@127.0.0.1:1241': 0, 'enode://9@127.0.0.1:1242': 0, 'enode://10@127.0.0.1:1243': 0, 'enode://11@127.0.0.1:1244': -7, 'enode://12@127.0.0.1:1245': 0, 'enode://13@127.0.0.1:1246': -2, 'enode://14@127.0.0.1:1247': -4, 'enode://15@127.0.0.1:1248': 0}
7 1787185849.025 2606 None {'15': 185, '0': 0, '3': 242, '9': 308, '8': 229, '12': 265, '2': 92, '1': 203, '10': 154, '6': 231, '5': 38, '11': 87, '14': 117, '4': 60, '13': 111, '7': 200} {'enode://1@127.0.0.1:1234': -5, 'enode://2@127.0.0.1:1235': 0, 'enode://3@127.0.0.1:1236': 0, 'enode://4@127.0.0.1:1237': -2, 'enode://5@127.0.0.1:1238': 0, 'enode://6@127.0.0.1:1239': -7, 'enode://7@127.0.0.1:1240': -4, 'enode://8@127.0.0.1:1241': 0, 'enode://9@127.0.0.1:1242': 2, 'enode://10@127.0.0.1:1243': 0, 'enode://11@127.0.0.1:1244': -6, 'enode://12@127.0.0.1:1245': 0, 'enode://13@127.0.0.1:1246': -1, 'enode://14@127.0.0.1:1247': -3, 'enode://15@127.0.0.1:1248': 0}
7 1787185849.025 2619 None {'15': 185, '0': 0, '3': 242, '9': 308, '8': 229, '12': 265, '2': 92, '1': 203, '10': 154, '6': 238, '5': 38, '11': 87, '14': 117, '4': 60, '13': 111, '7': 200} {'enode://1@127.0.0.1:1234': -4, 'enode://2@127.0.0.1:1235': 0, 'enode://3@127.0.0.1:1236': 0, 'enode://4@127.0.0.1:1237': -1, 'enode://5@127.0.0.1:1238': 1, 'enode://6@127.0.0.1:1239': -6, 'enode://7@127.0.0.1:1240': -3, 'enode://8@127.0.0.1:1241': 0, 'enode://9@127.0.0.1:1242': -7, 'enode://10@127.0.0.1:1243': 0, 'enode://11@127.0.0.1:1244': -5, 'enode://12@127.0.0.1:1245': 0, 'enode://13@127.0.0.1:1246': 0, 'enode://14@127.0.0.1:1247': -2, 'enode://15@127.0.0.1:1248': 0}
7 1787185849.025 2669 None {'15': 185, '0': 0, '3': 242, '9': 320, '8': 229, '12': 265, '2': 92, '1': 203, '10': 154, '6': 238, '5': 38, '11': 87, '14': 117, '4': 60, '13': 111, '7': 200} {'enode://1@127.0.0.1:1234': -3, 'enode://2@127.0.0.1:1235': 0, 'enode://3@127.0.0.1:1236': 1, 'enode://4@127.0.0.1:1237': 0, 'enode://5@127.0.0.1:1238': 2, 'enode://6@127.0.0.1:1239': -5, 'enode://7@127.0.0.1:1240': -2, 'enode://8@127.0.0.1:1241': 0, 'enode://9@127.0.0.1:1242': -6, 'enode://10@127.0.0.1:1243': 0, 'enode://11@127.0.0.1:1244': -4, 'enode://12@127.0.0.1:1245': 0, 'enode://13@127.0.0.1:1246': -7, 'enode://14@127.0.0.1:1247': -1, 'enode://15@127.0.0.1:1248': 0}
7 1787185849.025 2823 None {'15': 185, '0': 0, '3': 242, '9': 320, '8': 229, '12': 265, '2': 92, '1': 203, '10': 154, '6': 238, '5': 38, '11': 87, '14': 117, '4': 60, '13': 160, '7': 200} {'enode://1@127.0.0.1:1234': -2, 'enode://2@127.0.0.1:1235': 0, 'enode://3@127.0.0.1:1236': 0, 'enode://4@127.0.0.1:1237': 5, 'enode://5@127.0.0.1:1238': 1, 'enode://6@127.0.0.1:1239': -4, 'enode://7@127.0.0.1:1240': -1, 'enode://8@127.0.0.1:1241': 0, 'enode://9@127.0.0.1:1242': -5, 'enode://10@127.0.0.1:1243': -7, 'enode://11@127.0.0.1:1244': -3, 'enode://12@127.0.0.1:1245': 3, 'enode://13@127.0.0.1:1246': -6, 'enode://14@127.0.0.1:1247': 0, 'enode://15@127.0.0.1:1248': 2}
7 1787185849.025 2886 None {'15': 185, '0': 0, '3': 242, '9': 320, '8': 229, '12': 265, '2': 92, '1': 203, '10': 307, '6': 238, '5': 38, '11': 87, '14': 117, '4': 60, '13': 160, '7': 200} {'enode://1@127.0.0.1:1234': -1, 'enode://2@127.0.0.1:1235': 0, 'enode://3@127.0.0.1:1236': 0, 'enode://4@127.0.0.1:1237': 2, 'enode://5@127.0.0.1:1238': 5, 'enode://6@127.0.0.1:1239': -3, 'enode://7@127.0.0.1:1240': 0, 'enode://8@127.0.0.1:1241': 0, 'enode://9@127.0.0.1:1242': -4, 'enode://10@127.0.0.1:1243': -6, 'enode://11@127.0.0.1:1244': -2, 'enode://12@127.0.0.1:1245': 2, 'enode://13@127.0.0.1:1246': -5, 'enode://14@127.0.0.1:1247': 5, 'enode://15@127.0.0.1:1248': -7}
7 1787185849.025 2913 None {'15': 247, '0': 0, '3': 242, '9': 320, '8': 229, '12': 265, '2': 92, '1': 203, '10': 307, '6': 238, '5': 38, '11': 87, '14': 117, '4': 60, '13': 160, '7': 200} {'enode://1@127.0.0.1:1234': 0, 'enode://2@127.0.0.1:1235': 0, 'enode://3@127.0.0.1:1236': 0, 'enode://4@127.0.0.1:1237': 0, 'enode://5@127.0.0.1:1238': -7, 'enode://6@127.0.0.1:1239': -2, 'enode://7@127.0.0.1:1240': 0, 'enode://8@127.0.0.1:1241': 0, 'enode://9@127.0.0.1:1242': -3, 'enode://10@127.0.0.1:1243': -5, 'enode://11@127.0.0.1:1244': -1, 'enode://12@127.0.0.1:1245': 0, 'enode://13@127.0.0.1:1246': -4, 'enode://14@127.0.0.1:1247': 5, 'enode://15@127.0.0.1:1248': -6}
7 1787185849.025 2918 None {'15': 247, '0': 0, '3': 242, '9': 320, '8': 229, '12': 265, '2': 92, '1': 203, '10': 307, '6': 238, '5': 64, '11': 87, '14': 117, '4': 60, '13': 160, '7': 200} {'enode://1@127.0.0.1:1234': 4, 'enode://2@127.0.0.1:1235': 0, 'enode://3@127.0.0.1:1236': 0, 'enode://4@127.0.0.1:1237': 0, 'enode://5@127.0.0.1:1238': -6, 'enode://6@127.0.0.1:1239': -1, 'enode://7@127.0.0.1:1240': 0, 'enode://8@127.0.0.1:1241': 0, 'enode://9@127.0.0.1:1242': -2, 'enode://10@127.0.0.1:1243': -4, 'enode://11@127.0.0.1:1244': 0, 'enode://12@127.0.0.1:1245': 0, 'enode://13@127.0.0.1:1246': -3, 'enode://14@127.0.0.1:1247': -7, 'enode://15@127.0.0.1:1248': -5}
7 1787185849.025 2972 None {'15': 247, '0': 0, '3': 242, '9': 320, '8': 229, '12': 265, '2': 92, '1': 203, '10': 307, '6': 238, '5': 64, '11': 87, '14': 121, '4': 60, '13': 160, '7': 200} {'enode://1@127.0.0.1:1234': -7, 'enode://2@127.0.0.1:1235': 1, 'enode://3@127.0.0.1:1236': 0, 'enode://4@127.0.0.1:1237': 0, 'enode://5@127.0.0.1:1238': -5, 'enode://6@127.0.0.1:1239': 0, 'enode://7@127.0.0.1:1240': 3, 'enode://8@127.0.0.1:1241': 0, 'enode://9@127.0.0.1:1242': -1, 'enode://10@127.0.0.1:1243': -3, 'enode://11@127.0.0.1:1244': 6, 'enode://12@127.0.0.1:1245': 0, 'enode://13@127.0.0.1:1246': -2, 'enode://14@127.0.0.1:1247': -6, 'enode://15@127.0.0.1:1248': -4}
7 1787185849.025 3017 None {'15': 247, '0': 0, '3': 242, '9': 320, '8': 229, '12': 265, '2': 92, '1': 256, '10': 307, '6': 238, '5': 64, '11': 87, '14': 121, '4': 60, '13': 160, '7': 200} {'enode://1@127.0.0.1:1234': -6, 'enode://2@127.0.0.1:1235': 3, 'enode://3@127.0.0.1:1236': 0, 'enode://4@127.0.0.1:1237': 1, 'enode://5@127.0.0.1:1238': -4, 'enode://6@127.0.0.1:1239': 4, 'enode://7@127.0.0.1:1240': 5, 'enode://8@127.0.0.1:1241': 6, 'enode://9@127.0.0.1:1242': 0, 'enode://10@127.0.0.1:1243': -2, 'enode://11@127.0.0.1:1244': -7, 'enode://12@127.0.0.1:1245': 2, 'enode://13@127.0.0.1:1246': -1, 'enode://14@127.0.0.1:1247': -5, 'enode://15@127.0.0.1:1248': -3}
7 1787185849.025 3066 None {'15': 247, '0': 0, '3': 242, '9': 320, '8': 229, '12': 265, '2': 92, '1': 256, '10': 307, '6': 238, '5': 64, '11': 131, '14': 121, '4': 60, '13': 160, '7': 200} {'enode://1@127.0.0.1:1234': -5, 'enode://2@127.0.0.1:1235': 5, 'enode://3@127.0.0.1:1236': 0, 'enode://4@127.0.0.1:1237': 0, 'enode://5@127.0.0.1:1238': -3, 'enode://6@127.0.0.1:1239': 7, 'enode://7@127.0.0.1:1240': 7, 'enode://8@127.0.0.1:1241': -7, 'enode://9@127.0.0.1:1242': 8, 'enode://10@127.0.0.1:1243': -1, 'enode://11@127.0.0.1:1244': -6, 'enode://12@127.0.0.1:1245': 3, 'enode://13@127.0.0.1:1246': 0, 'enode://14@127.0.0.1:1247': -4, 'enode://15@127.0.0.1:1248': -2}
7 1787185849.025 3067 None {'15': 247, '0': 0, '3': 242, '9': 320, '8': 277, '12': 265, '2': 92, '1': 256, '10': 307, '6': 238, '5': 64, '11': 131, '14': 121, '4': 60, '13': 160, '7': 200} {'enode://1@127.0.0.1:1234': -4, 'enode://2@127.0.0.1:1235': 5, 'enode://3@127.0.0.1:1236': 0, 'enode://4@127.0.0.1:1237': 0, 'enode://5@127.0.0.1:1238': -2, 'enode://6@127.0.0.1:1239': 7, 'enode://7@127.0.0.1:1240': 7, 'enode://8@127.0.0.1:1241': -6, 'enode://9@127.0.0.1:1242': -7, 'enode://10@127.0.0.1:1243': 0, 'enode://11@127.0.0.1:1244': -5, 'enode://12@127.0.0.1:1245': 3, 'enode://13@127.0.0.1:1246': 2, 'enode://14@127.0.0.1:1247': -3, 'enode://15@127.0.0.1:1248': -1}
7 1787185849.025 3091 None {'15': 247, '0': 0, '3': 242, '9': 320, '8': 277, '12': 265, '2': 92, '1': 256, '10': 307, '6': 238, '5': 64, '11': 131, '14': 121, '4': 60, '13': 160, '7': 200} {'enode://1@127.0.0.1:1234': -3, 'enode://2@127.0.0.1:1235': 5, 'enode://3@127.0.0.1:1236': 0, 'enode://4@127.0.0.1:1237': 0, 'enode://5@127.0.0.1:1238': -1, 'enode://6@127.0.0.1:1239': -7, 'enode://7@127.0.0.1:1240': 5, 'enode://8@127.0.0.1:1241': -5, 'enode://9@127.0.0.1:1242': -6, 'enode://10@127.0.0.1:1243': 4, 'enode://11@127.0.0.1:1244': -4, 'enode://12@127.0.0.1:1245': 4, 'enode://13@127.0.0.1:1246': 3, 'enode://14@127.0.0.1:1247': -2, 'enode://15@127.0.0.1:1248': 0}
7 1787185849.025 3112 None {'15': 247, '0': 0, '3': 242, '9': 320, '8': 277, '12': 265, '2': 92, '1': 256, '10': 307, '6': 261, '5': 64, '11': 131, '14': 121, '4': 60, '13': 160, '7': 200} {'enode://1@127.0.0.1:1234': -2, 'enode://2@127.0.0.1:1235': 5, 'enode://3@127.0.0.1:1236': 0, 'enode://4@127.0.0.1:1237': 0, 'enode://5@127.0.0.1:1238': 0, 'enode://6@127.0.0.1:1239': -6, 'enode://7@127.0.0.1:1240': -7, 'enode://8@127.0.0.1:1241': -4, 'enode://9@127.0.0.1:1242': -5, 'enode://10@127.0.0.1:1243': 4, 'enode://11@127.0.0.1:1244': -3, 'enode://12@127.0.0.1:1245': 4, 'enode://13@127.0.0.1:1246': 3, 'enode://14@127.0.0.1:1247': -1, 'enode://15@127.0.0.1:1248': 1}
7 1787185849.026 3175 None {'15': 247, '0': 0, '3': 242, '9': 320, '8': 277, '12': 265, '2': 92, '1': 256, '10': 307, '6': 261, '5': 64, '11': 131, '14': 121, '4': 60, '13': 160, '7': 220} {'enode://1@127.0.0.1:1234': -1, 'enode://2@127.0.0.1:1235': 3, 'enode://3@127.0.0.1:1236': 1, 'enode://4@127.0.0.1:1237': 0, 'enode://5@127.0.0.1:1238': 7, 'enode://6@127.0.0.1:1239': -5, 'enode://7@127.0.0.1:1240': -6, 'enode://8@127.0.0.1:1241': -3, 'enode://9@127.0.0.1:1242': -4, 'enode://10@127.0.0.1:1243': -7, 'enode://11@127.0.0.1:1244': -2, 'enode://12@127.0.0.1:1245': 4, 'enode://13@127.0.0.1:1246': 6, 'enode://14@127.0.0.1:1247': 0, 'enode://15@127.0.0.1:1248': 4}
7 1787185849.026 3187 None {'15': 247, '0': 0, '3': 242, '9': 320, '8': 277, '12': 265, '2': 92, '1': 256, '10': 369, '6': 261, '5': 64, '11': 131, '14': 121, '4': 60, '13': 160, '7': 220} {'enode://1@127.0.0.1:1234': 0, 'enode://2@127.0.0.1:1235': 0, 'enode://3@127.0.0.1:1236': 0, 'enode://4@127.0.0.1:1237': 0, 'enode://5@127.0.0.1:1238': -7, 'enode://6@127.0.0.1:1239': -4, 'enode://7@127.0.0.1:1240': -5, 'enode://8@127.0.0.1:1241': -2, 'enode://9@127.0.0.1:1242': -3, 'enode://10@127.0.0.1:1243': -6, 'enode://11@127.0.0.1:1244': -1, 'enode://12@127.0.0.1:1245': 3, 'enode://13@127.0.0.1:1246': 5, 'enode://14@127.0.0.1:1247': 0, 'enode://15@127.0.0.1:1248': 4}
7 1787185849.026 3188 None {'15': 247, '0': 0, '3': 242, '9': 320, '8': 277, '12': 265, '2': 92, '1': 256, '10': 369, '6': 261, '5': 75, '11': 131, '14': 121, '4': 60, '13': 160, '7': 220} {'enode://1@127.0.0.1:1234': 5, 'enode://2@127.0.0.1:1235': 0, 'enode://3@127.0.0.1:1236': 0, 'enode://4@127.0.0.1:1237': 0, 'enode://5@127.0.0.1:1238': -6, 'enode://6@127.0.0.1:1239': -3, 'enode://7@127.0.0.1:1240': -4, 'enode://8@127.0.0.1:1241': -1, 'enode://9@127.0.0.1:1242': -2, 'enode://10@127.0.0.1:1243': -5, 'enode://11@127.0.0.1:1244': 0, 'enode://12@127.0.0.1:1245': 2, 'enode://13@127.0.0.1:1246': -7, 'enode://14@127.0.0.1:1247': 0, 'enode://15@127.0.0.1:1248': 4}
7 1787185849.026 3217 None {'15': 247, '0': 0, '3': 242, '9': 320, '8': 277, '12': 265, '2': 92, '1': 256, '10': 369, '6': 261, '5': 75, '11': 131, '14': 121, '4': 60, '13': 160, '7': 220} {'enode://1@127.0.0.1:1234': -7, 'enode://2@127.0.0.1:1235': 0, 'enode://3@127.0.0.1:1236': 0, 'enode://4@127.0.0.1:1237': 0, 'enode://5@127.0.0.1:1238': -5, 'enode://6@127.0.0.1:1239': -2, 'enode://7@127.0.0.1:1240': -3, 'enode://8@127.0.0.1:1241': 0, 'enode://9@127.0.0.1:1242': -1, 'enode://10@127.0.0.1:1243': -4, 'enode://11@127.0.0.1:1244': 0, 'enode://12@127.0.0.1:1245': 2, 'enode://13@127.0.0.1:1246': -6, 'enode://14@127.0.0.1:1247': 0, 'enode://15@127.0.0.1:1248': 0}
7 1787185849.026 3315 None {'15': 247, '0': 0, '3': 242, '9': 320, '8': 277, '12': 265, '2': 92, '1': 284, '10': 369, '6': 261, '5': 75, '11': 131, '14': 121, '4': 60, '13': 160, '7': 220} {'enode://1@127.0.0.1:1234': -6, 'enode://2@127.0.0.1:1235': 2, 'enode://3@127.0.0.1:1236': 0, 'enode://4@127.0.0.1:1237': 0, 'enode://5@127.0.0.1:1238': -4, 'enode://6@127.0.0.1:1239': -1, 'enode://7@127.0.0.1:1240': -2, 'enode://8@127.0.0.1:1241': 0, 'enode://9@127.0.0.1:1242': 0, 'enode://10@127.0.0.1:1243': -3, 'enode://11@127.0.0.1:1244': 0, 'enode://12@127.0.0.1:1245': -7, 'enode://13@127.0.0.1:1246': -5, 'enode://14@127.0.0.1:1247': 3, 'enode://15@127.0.0.1:1248': 3}
7 1787185849.026 3319 None {'15': 247, '0': 0, '3': 242, '9': 320, '8': 277, '12': 362, '2': 92, '1': 284, '10': 369, '6': 261, '5': 75, '11': 131, '14': 121, '4': 60, '13': 160, '7': 220} {'enode://1@127.0.0.1:1234': -5, 'enode://2@127.0.0.1:1235': 2, 'enode://3@127.0.0.1:1236': 0, 'enode://4@127.0.0.1:1237': 0, 'enode://5@127.0.0.1:1238': -3, 'enode://6@127.0.0.1:1239': 0, 'enode://7@127.0.0.1:1240': -1, 'enode://8@127.0.0.1:1241': 0, 'enode://9@127.0.0.1:1242': 3, 'enode://10@127.0.0.1:1243': -2, 'enode://11@127.0.0.1:1244': 0, 'enode://12@127.0.0.1:1245': -6, 'enode://13@127.0.0.1:1246': -4, 'enode://14@127.0.0.1:1247': -7, 'enode://15@127.0.0.1:1248': 1}
7 1787185849.026 3331 None {'15': 247, '0': 0, '3': 242, '9': 320, '8': 277, '12': 362, '2': 92, '1': 284, '10': 369, '6': 261, '5': 75, '11': 131, '14': 124, '4': 60, '13': 160, '7': 220} {'enode://1@127.0.0.1:1234': -4, 'enode://2@127.0.0.1:1235': 4, 'enode://3@127.0.0.1:1236': 0, 'enode://4@127.0.0.1:1237': 0, 'enode://5@127.0.0.1:1238': -2, 'enode://6@127.0.0.1:1239': 0, 'enode://7@127.0.0.1:1240': 0, 'enode://8@127.0.0.1:1241': 0, 'enode://9@127.0.0.1:1242': -7, 'enode://10@127.0.0.1:1243': -1, 'enode://11@127.0.0.1:1244': 1, 'enode://12@127.0.0.1:1245': -5, 'enode://13@127.0.0.1:1246': -3, 'enode://14@127.0.0.1:1247': -6, 'enode://15@127.0.0.1:1248': 1}
7 1787185849.026 3336 None {'15': 247, '0': 0, '3': 242, '9': 331, '8': 277, '12': 362, '2': 92, '1': 284, '10': 369, '6': 261, '5': 75, '11': 131, '14': 124, '4': 60, '13': 160, '7': 220} {'enode://1@127.0.0.1:1234': -3, 'enode://2@127.0.0.1:1235': -7, 'enode://3@127.0.0.1:1236': 0, 'enode://4@127.0.0.1:1237': 0, 'enode://5@127.0.0.1:1238': -1, 'enode://6@127.0.0.1:1239': 0, 'enode://7@127.0.0.1:1240': 1, 'enode://8@127.0.0.1:1241': 0, 'enode://9@127.0.0.1:1242': -6, 'enode://10@127.0.0.1:1243': 0, 'enode://11@127.0.0.1:1244': 1, 'enode://12@127.0.0.1:1245': -4, 'enode://13@127.0.0.1:1246': -2, 'enode://14@127.0.0.1:1247': -5, 'enode://15@127.0.0.1:1248': 1}
7 1787185849.026 3373 None {'15': 247, '0': 0, '3': 242, '9': 331, '8': 277, '12': 362, '2': 96, '1': 284, '10': 369, '6': 261, '5': 75, '11': 131, '14': 124, '4': 60, '13': 160, '7': 220} {'enode://1@127.0.0.1:1234': -2, 'enode://2@127.0.0.1:1235': -6, 'enode://3@127.0.0.1:1236': 0, 'enode://4@127.0.0.1:1237': 3, 'enode://5@127.0.0.1:1238': 0, 'enode://6@127.0.0.1:1239': 0, 'enode://7@127.0.0.1:1240': 3, 'enode://8@127.0.0.1:1241': 0, 'enode://9@127.0.0.1:1242': -5, 'enode://10@127.0.0.1:1243': 2, 'enode://11@127.0.0.1:1244': 1, 'enode://12@127.0.0.1:1245': -3, 'enode://13@127.0.0.1:1246': -1, 'enode://14@127.0.0.1:1247': -4, 'enode://15@127.0.0.1:1248': -7}
7 1787185849.026 3429 None {'15': 283, '0': 0, '3': 242, '9': 331, '8': 277, '12': 362, '2': 96, '1': 284, '10': 369, '6': 261, '5': 75, '11': 131, '14': 124, '4': 60, '13': 160, '7': 220} {'enode://1@127.0.0.1:1234': -1, 'enode://2@127.0.0.1:1235': -5, 'enode://3@127.0.0.1:1236': 3, 'enode://4@127.0.0.1:1237': -7, 'enode://5@127.0.0.1:1238': 1, 'enode://6@127.0.0.1:1239': 0, 'enode://7@127.0.0.1:1240': 1, 'enode://8@127.0.0.1:1241': 0, 'enode://9@127.0.0.1:1242': -4, 'enode://10@127.0.0.1:1243': 3, 'enode://11@127.0.0.1:1244': 2, 'enode://12@127.0.0.1:1245': -2, 'enode://13@127.0.0.1:1246': 0, 'enode://14@127.0.0.1:1247': -3, 'enode://15@127.0.0.1:1248': -6}
7 1787185849.026 3438 None {'15': 283, '0': 0, '3': 242, '9': 331, '8': 277, '12': 362, '2': 96, '1': 284, '10': 369, '6': 261, '5': 75, '11': 131, '14': 124, '4': 115, '13': 160, '7': 220} {'enode://1@127.0.0.1:1234': 0, 'enode://2@127.0.0.1:1235': -4, 'enode://3@127.0.0.1:1236': -7, 'enode://4@127.0.0.1:1237': -6, 'enode://5@127.0.0.1:1238': 1, 'enode://6@127.0.0.1:1239': 0, 'enode://7@127.0.0.1:1240': 1, 'enode://8@127.0.0.1:1241': 0, 'enode://9@127.0.0.1:1242': -3, 'enode://10@127.0.0.1:1243': 2, 'enode://11@127.0.0.1:1244': 2, 'enode://12@127.0.0.1:1245': -1, 'enode://13@127.0.0.1:1246': 2, 'enode://14@127.0.0.1:1247': -2, 'enode://15@127.0.0.1:1248': -5}
7 1787185849.026 3489 None {'15': 283, '0': 0, '3': 250, '9': 331, '8': 277, '12': 362, '2': 96, '1': 284, '10': 369, '6': 261, '5': 75, '11': 131, '14': 124, '4': 115, '13': 160, '7': 220} {'enode://1@127.0.0.1:1234': 0, 'enode://2@127.0.0.1:1235': -3, 'enode://3@127.0.0.1:1236': -6, 'enode://4@127.0.0.1:1237': -5, 'enode://5@127.0.0.1:1238': 2, 'enode://6@127.0.0.1:1239': 0, 'enode://7@127.0.0.1:1240': 0, 'enode://8@127.0.0.1:1241': 0, 'enode://9@127.0.0.1:1242': -2, 'enode://10@127.0.0.1:1243': -7, 'enode://11@127.0.0.1:1244': 3, 'enode://12@127.0.0.1:1245': 0, 'enode://13@127.0.0.1:1246': 0, 'enode://14@127.0.0.1:1247': -1, 'enode://15@127.0.0.1:1248': -4}
7 1787185849.026 3556 None {'15': 283, '0': 0, '3': 250, '9': 331, '8': 277, '12': 362, '2': 96, '1': 284, '10': 419, '6': 261, '5': 75, '11': 131, '14': 124, '4': 115, '13': 160, '7': 220} {'enode://1@127.0.0.1:1234': -7, 'enode://2@127.0.0.1:1235': -2, 'enode://3@127.0.0.1:1236': -5, 'enode://4@127.0.0.1:1237': -4, 'enode://5@127.0.0.1:1238': 0, 'enode://6@127.0.0.1:1239': 3, 'enode://7@127.0.0.1:1240': 4, 'enode://8@127.0.0.1:1241': 5, 'enode://9@127.0.0.1:1242': -1, 'enode://10@127.0.0.1:1243': -6, 'enode://11@127.0.0.1:1244': 0, 'enode://12@127.0.0.1:1245': 1, 'enode://13@127.0.0.1:1246': 0, 'enode://14@127.0.0.1:1247': 0, 'enode://15@127.0.0.1:1248': -3}
7 1787185849.026 3559 None {'15': 283, '0': 0, '3': 250, '9': 331, '8': 277, '12': 362, '2': 96, '1': 350, '10': 419, '6': 261, '5': 75, '11': 131, '14': 124, '4': 115, '13': 160, '7': 220} {'enode://1@127.0.0.1:1234': -6, 'enode://2@127.0.0.1:1235': -1, 'enode://3@127.0.0.1:1236': -4, 'enode://4@127.0.0.1:1237': -3, 'enode://5@127.0.0.1:1238': 0, 'enode://6@127.0.0.1:1239': 2, 'enode://7@127.0.0.1:1240': -7, 'enode://8@127.0.0.1:1241': 2, 'enode://9@127.0.0.1:1242': 0, 'enode://10@127.0.0.1:1243': -5, 'enode://11@127.0.0.1:1244': 0, 'enode://12@127.0.0.1:1245': 1, 'enode://13@127.0.0.1:1246': 0, 'enode://14@127.0.0.1:1247': 1, 'enode://15@127.0.0.1:1248': -2}
7 1787185849.026 3652 None {'15': 283, '0': 0, '3': 250, '9': 331, '8': 277, '12': 362, '2': 96, '1': 350, '10': 419, '6': 261, '5': 75, '11': 131, '14': 124, '4': 115, '13': 160, '7': 222} {'enode://1@127.0.0.1:1234': -5, 'enode://2@127.0.0.1:1235': 0, 'enode://3@127.0.0.1:1236': -3, 'enode://4@127.0.0.1:1237': -2, 'enode://5@127.0.0.1:1238': -7, 'enode://6@127.0.0.1:1239': 0, 'enode://7@127.0.0.1:1240': -6, 'enode://8@127.0.0.1:1241': 0, 'enode://9@127.0.0.1:1242': 4, 'enode://10@127.0.0.1:1243': -4, 'enode://11@127.0.0.1:1244': 4, 'enode://12@127.0.0.1:1245': 1, 'enode://13@127.0.0.1:1246': 4, 'enode://14@127.0.0.1:1247': 3, 'enode://15@127.0.0.1:1248': -1}
7 1787185849.026 3665 None {'15': 283, '0': 0, '3': 250, '9': 331, '8': 277, '12': 362, '2': 96, '1': 350, '10': 419, '6': 261, '5': 167, '11': 131, '14': 124, '4': 115, '13': 160, '7': 222} {'enode://1@127.0.0.1:1234': -4, 'enode://2@127.0.0.1:1235': 4, 'enode://3@127.0.0.1:1236': -2, 'enode://4@127.0.0.1:1237': -1, 'enode://5@127.0.0.1:1238': -6, 'enode://6@127.0.0.1:1239': 0, 'enode://7@127.0.0.1:1240': -5, 'enode://8@127.0.0.1:1241': 0, 'enode://9@127.0.0.1:1242': 2, 'enode://10@127.0.0.1:1243': -3, 'enode://11@127.0.0.1:1244': -7, 'enode://12@127.0.0.1:1245': 0, 'enode://13@127.0.0.1:1246': 3, 'enode://14@127.0.0.1:1247': 0, 'enode://15@127.0.0.1:1248': 0}
7 1787185849.026 3676 None {'15': 283, '0': 0, '3': 250, '9': 331, '8': 277, '12': 362, '2': 96, '1': 350, '10': 419, '6': 261, '5': 167, '11': 143, '14': 124, '4': 115, '13': 160, '7': 222} {'enode://1@127.0.0.1:1234': -3, 'enode://2@127.0.0.1:1235': -7, 'enode://3@127.0.0.1:1236': -1, 'enode://4@127.0.0.1:1237': 0, 'enode://5@127.0.0.1:1238': -5, 'enode://6@127.0.0.1:1239': 0, 'enode://7@127.0.0.1:1240': -4, 'enode://8@127.0.0.1:1241': 0, 'enode://9@127.0.0.1:1242': 0, 'enode://10@127.0.0.1:1243': -2, 'enode://11@127.0.0.1:1244': -6, 'enode://12@127.0.0.1:1245': 0, 'enode://13@127.0.0.1:1246': 2, 'enode://14@127.0.0.1:1247': 0, 'enode://15@127.0.0.1:1248': 2}
7 1787185849.026 3690 None {'15': 283, '0': 0, '3': 250, '9': 331, '8': 277, '12': 362, '2': 106, '1': 350, '10': 419, '6': 261, '5': 167, '11': 143, '14': 124, '4': 115, '13': 160, '7': 222} {'enode://1@127.0.0.1:1234': -2, 'enode://2@127.0.0.1:1235': -6, 'enode://3@127.0.0.1:1236': 0, 'enode://4@127.0.0.1:1237': 0, 'enode://5@127.0.0.1:1238': -4, 'enode://6@127.0.0.1:1239': 0, 'enode://7@127.0.0.1:1240': -3, 'enode://8@127.0.0.1:1241': 0, 'enode://9@127.0.0.1:1242': 1, 'enode://10@127.0.0.1:1243': -1, 'enode://11@127.0.0.1:1244': -5, 'enode://12@127.0.0.1:1245': 0, 'enode://13@127.0.0.1:1246': 4, 'enode://14@127.0.0.1:1247': 1, 'enode://15@127.0.0.1:1248': -7}
7 1787185849.027 3701 None {'15': 296, '0': 0, '3': 250, '9': 331, '8': 277, '12': 362, '2': 106, '1': 350, '10': 419, '6': 261, '5': 167, '11': 143, '14': 124, '4': 115, '13': 160, '7': 222} {'enode://1@127.0.0.1:1234': -1, 'enode://2@127.0.0.1:1235': -5, 'enode://3@127.0.0.1:1236': 2, 'enode://4@127.0.0.1:1237': 0, 'enode://5@127.0.0.1:1238': -3, 'enode://6@127.0.0.1:1239': 2, 'enode://7@127.0.0.1:1240': -2, 'enode://8@127.0.0.1:1241': 0, 'enode://9@127.0.0.1:1242': 1, 'enode://10@127.0.0.1:1243': 0, 'enode://11@127.0.0.1:1244': -4, 'enode://12@127.0.0.1:1245': 1, 'enode://13@127.0.0.1:1246': -7, 'enode://14@127.0.0.1:1247': 2, 'enode://15@127.0.0.1:1248': -6}
7 1787185849.027 3704 None {'15': 296, '0': 0, '3': 250, '9': 331, '8': 277, '12': 362, '2': 106, '1': 350, '10': 419, '6': 261, '5': 167, '11': 143, '14': 124, '4': 115, '13': 170, '7': 222} {'enode://1@127.0.0.1:1234': 0, 'enode://2@127.0.0.1:1235': -4, 'enode://3@127.0.0.1:1236': 1, 'enode://4@127.0.0.1:1237': 0, 'enode://5@127.0.0.1:1238': -2, 'enode://6@127.0.0.1:1239': 2, 'enode://7@127.0.0.1:1240': -1, 'enode://8@127.0.0.1:1241': 0, 'enode://9@127.0.0.1:1242': 0, 'enode://10@127.0.0.1:1243': 0, 'enode://11@127.0.0.1:1244': -3, 'enode://12@127.0.0.1:1245': 0, 'enode://13@127.0.0.1:1246': -6, 'enode://14@127.0.0.1:1247': -7, 'enode://15@127.0.0.1:1248': -5}
7 1787185849.027 3709 None {'15': 296, '0': 0, '3': 250, '9': 331, '8': 277, '12': 362, '2': 106, '1': 350, '10': 419, '6': 261, '5': 167, '11': 143, '14': 126, '4': 115, '13': 170, '7': 222} {'enode://1@127.0.0.1:1234': 1, 'enode://2@127.0.0.1:1235': -3, 'enode://3@127.0.0.1:1236': 1, 'enode://4@127.0.0.1:1237': 0, 'enode://5@127.0.0.1:1238': -1, 'enode://6@127.0.0.1:1239': -7, 'enode://7@127.0.0.1:1240': 0, 'enode://8@127.0.0.1:1241': 0, 'enode://9@127.0.0.1:1242': 0, 'enode://10@127.0.0.1:1243': 0, 'enode://11@127.0.0.1:1244': -2, 'enode://12@127.0.0.1:1245': 1, 'enode://13@127.0.0.1:1246': -5, 'enode://14@127.0.0.1:1247': -6, 'enode://15@127.0.0.1:1248': -4}
7 1787185849.027 3713 None {'15': 296, '0': 0, '3': 250, '9': 331, '8': 277, '12': 362, '2': 106, '1': 350, '10': 419, '6': 265, '5': 167, '11': 143, '14': 126, '4': 115, '13': 170, '7': 222} {'enode://1@127.0.0.1:1234': -7, 'enode://2@127.0.0.1:1235': -2, 'enode://3@127.0.0.1:1236': 1, 'enode://4@127.0.0.1:1237': 0, 'enode://5@127.0.0.1:1238': 0, 'enode://6@127.0.0.1:1239': -6, 'enode://7@127.0.0.1:1240': 1, 'enode://8@127.0.0.1:1241': 0, 'enode://9@127.0.0.1:1242': 0, 'enode://10@127.0.0.1:1243': 0, 'enode://11@127.0.0.1:1244': -1, 'enode://12@127.0.0.1:1245': 2, 'enode://13@127.0.0.1:1246': -4, 'enode://14@127.0.0.1:1247': -5, 'enode://15@127.0.0.1:1248': -3}
7 1787185849.027 3714 None {'15': 296, '0': 0, '3': 250, '9': 331, '8': 277, '12': 362, '2': 106, '1': 353, '10': 419, '6': 265, '5': 167, '11': 143, '14': 126, '4': 115, '13': 170, '7': 222} {'enode://1@127.0.0.1:1234': -6, 'enode://2@127.0.0.1:1235': -1, 'enode://3@127.0.0.1:1236': 0, 'enode://4@127.0.0.1:1237': 0, 'enode://5@127.0.0.1:1238': 0, 'enode://6@127.0.0.1:1239': -5, 'enode://7@127.0.0.1:1240': 0, 'enode://8@127.0.0.1:1241': 0, 'enode://9@127.0.0.1:1242': 0, 'enode://10@127.0.0.1:1243': 0, 'enode://11@127.0.0.1:1244': 0, 'enode://12@127.0.0.1:1245': -7, 'enode://13@127.0.0.1:1246': -3, 'enode://14@127.0.0.1:1247': -4, 'enode://15@127.0.0.1:1248': -2}
7 1787185849.027 3843 None {'15': 296, '0': 0, '3': 250, '9': 331, '8': 277, '12': 362, '2': 106, '1': 353, '10': 419, '6': 265, '5': 167, '11': 143, '14': 126, '4': 115, '13': 170, '7': 222} {'enode://1@127.0.0.1:1234': -5, 'enode://2@127.0.0.1:1235': 0, 'enode://3@127.0.0.1:1236': 2, 'enode://4@127.0.0.1:1237': 3, 'enode://5@127.0.0.1:1238': 4, 'enode://6@127.0.0.1:1239': -4, 'enode://7@127.0.0.1:1240': 4, 'enode://8@127.0.0.1:1241': 3, 'enode://9@127.0.0.1:1242': 0, 'enode://10@127.0.0.1:1243': -7, 'enode://11@127.0.0.1:1244': 2, 'enode://12@127.0.0.1:1245': -6, 'enode://13@127.0.0.1:1246': -2, 'enode://14@127.0.0.1:1247': -3, 'enode://15@127.0.0.1:1248': -1}
7 1787185849.027 3849 None {'15': 296, '0': 0, '3': 250, '9': 331, '8': 277, '12': 362, '2': 106, '1': 353, '10': 547, '6': 265, '5': 167, '11': 143, '14': 126, '4': 115, '13': 170, '7': 222} {'enode://1@127.0.0.1:1234': -4, 'enode://2@127.0.0.1:1235': 0, 'enode://3@127.0.0.1:1236': 0, 'enode://4@127.0.0.1:1237': 0, 'enode://5@127.0.0.1:1238': -7, 'enode://6@127.0.0.1:1239': -3, 'enode://7@127.0.0.1:1240': 0, 'enode://8@127.0.0.1:1241': 1, 'enode://9@127.0.0.1:1242': 0, 'enode://10@127.0.0.1:1243': -6, 'enode://11@127.0.0.1:1244': 1, 'enode://12@127.0.0.1:1245': -5, 'enode://13@127.0.0.1:1246': -1, 'enode://14@127.0.0.1:1247': -2, 'enode://15@127.0.0.1:1248': 0}
7 1787185849.027 3900 None {'15': 296, '0': 0, '3': 250, '9': 331, '8': 277, '12': 362, '2': 106, '1': 353, '10': 547, '6': 265, '5': 172, '11': 143, '14': 126, '4': 115, '13': 170, '7': 222} {'enode://1@127.0.0.1:1234': -3, 'enode://2@127.0.0.1:1235': 1, 'enode://3@127.0.0.1:1236': 0, 'enode://4@127.0.0.1:1237': 0, 'enode://5@127.0.0.1:1238': -6, 'enode://6@127.0.0.1:1239': -2, 'enode://7@127.0.0.1:1240': 4, 'enode://8@127.0.0.1:1241': 0, 'enode://9@127.0.0.1:1242': 0, 'enode://10@127.0.0.1:1243': -5, 'enode://11@127.0.0.1:1244': -7, 'enode://12@127.0.0.1:1245': -4, 'enode://13@127.0.0.1:1246': 0, 'enode://14@127.0.0.1:1247': -1, 'enode://15@127.0.0.1:1248': 2}
7 1787185849.027 3911 None {'15': 296, '0': 0, '3': 250, '9': 331, '8': 277, '12': 362, '2': 106, '1': 353, '10': 547, '6': 265, '5': 172, '11': 193, '14': 126, '4': 115, '13': 170, '7': 222} {'enode://1@127.0.0.1:1234': -2, 'enode://2@127.0.0.1:1235': 1, 'enode://3@127.0.0.1:1236': 0, 'enode://4@127.0.0.1:1237': 0, 'enode://5@127.0.0.1:1238': -5, 'enode://6@127.0.0.1:1239': -1, 'enode://7@127.0.0.1:1240': 3, 'enode://8@127.0.0.1:1241': 0, 'enode://9@127.0.0.1:1242': 0, 'enode://10@127.0.0.1:1243': -4, 'enode://11@127.0.0.1:1244': -6, 'enode://12@127.0.0.1:1245': -3, 'enode://13@127.0.0.1:1246': 3, 'enode://14@127.0.0.1:1247': 0, 'enode://15@127.0.0.1:1248': -7}
7 1787185849.027 3915 None {'15': 306, '0': 0, '3': 250, '9': 331, '8': 277, '12': 362, '2': 106, '1': 353, '10': 547, '6': 265, '5': 172, '11': 193, '14': 126, '4': 115, '13': 170, '7': 222} {'enode://1@127.0.0.1:1234': -1, 'enode://2@127.0.0.1:1235': 1, 'enode://3@127.0.0.1:1236': 0, 'enode://4@127.0.0.1:1237': 0, 'enode://5@127.0.0.1:1238': -4, 'enode://6@127.0.0.1:1239': 0, 'enode://7@127.0.0.1:1240': 0, 'enode://8@127.0.0.1:1241': 0, 'enode://9@127.0.0.1:1242': 0, 'enode://10@127.0.0.1:1243': -3, 'enode://11@127.0.0.1:1244': -5, 'enode://12@127.0.0.1:1245': -2, 'enode://13@127.0.0.1:1246': -7, 'enode://14@127.0.0.1:1247': 2, 'enode://15@127.0.0.1:1248': -6}
7 1787185849.027 3940 None {'15': 306, '0': 0, '3': 250, '9': 331, '8': 277, '12': 362, '2': 106, '1': 353, '10': 547, '6': 265, '5': 172, '11': 193, '14': 126, '4': 115, '13': 173, '7': 222} {'enode://1@127.0.0.1:1234': 0, 'enode://2@127.0.0.1:1235': 1, 'enode://3@127.0.0.1:1236': 0, 'enode://4@127.0.0.1:1237': 0, 'enode://5@127.0.0.1:1238': -3, 'enode://6@127.0.0.1:1239': 0, 'enode://7@127.0.0.1:1240': 0, 'enode://8@127.0.0.1:1241': 0, 'enode://9@127.0.0.1:1242': 0, 'enode://10@127.0.0.1:1243': -2, 'enode://11@127.0.0.1:1244': -4, 'enode://12@127.0.0.1:1245': -1, 'enode://13@127.0.0.1:1246': -6, 'enode://14@127.0.0.1:1247': -7, 'enode://15@127.0.0.1:1248': -5}
7 1787185849.027 3977 None {'15': 306, '0': 0, '3': 250, '9': 331, '8': 277, '12': 362, '2': 106, '1': 353, '10': 547, '6': 265, '5': 172, '11': 193, '14': 150, '4': 115, '13': 173, '7': 222} {'enode://1@127.0.0.1:1234': 4, 'enode://2@127.0.0.1:1235': 0, 'enode://3@127.0.0.1:1236': 0, 'enode://4@127.0.0.1:1237': 0, 'enode://5@127.0.0.1:1238': -2, 'enode://6@127.0.0.1:1239': -7, 'enode://7@127.0.0.1:1240': 4, 'enode://8@127.0.0.1:1241': 0, 'enode://9@127.0.0.1:1242': 0, 'enode://10@127.0.0.1:1243': -1, 'enode://11@127.0.0.1:1244': -3, 'enode://12@127.0.0.1:1245': 0, 'enode://13@127.0.0.1:1246': -5, 'enode://14@127.0.0.1:1247': -6, 'enode://15@127.0.0.1:1248': -4}
7 1787185849.027 3982 None {'15': 306, '0': 0, '3': 250, '9': 331, '8': 277, '12': 362, '2': 106, '1': 353, '10': 547, '6': 301, '5': 172, '11': 193, '14': 150, '4': 115, '13': 173, '7': 222} {'enode://1@127.0.0.1:1234': -7, 'enode://2@127.0.0.1:1235': 0, 'enode://3@127.0.0.1:1236': 0, 'enode://4@127.0.0.1:1237': 0, 'enode://5@127.0.0.1:1238': -1, 'enode://6@127.0.0.1:1239': -6, 'enode://7@127.0.0.1:1240': 3, 'enode://8@127.0.0.1:1241': 0, 'enode://9@127.0.0.1:1242': 0, 'enode://10@127.0.0.1:1243': 0, 'enode://11@127.0.0.1:1244': -2, 'enode://12@127.0.0.1:1245': 1, 'enode://13@127.0.0.1:1246': -4, 'enode://14@127.0.0.1:1247': -5, 'enode://15@127.0.0.1:1248': -3}
7 1787185849.027 3985 None {'15': 306, '0': 0, '3': 250, '9': 331, '8': 277, '12': 362, '2': 106, '1': 357, '10': 547, '6': 301, '5': 172, '11': 193, '14': 150, '4': 115, '13': 173, '7': 222} {'enode://1@127.0.0.1:1234': -6, 'enode://2@127.0.0.1:1235': 0, 'enode://3@127.0.0.1:1236': 0, 'enode://4@127.0.0.1:1237': 0, 'enode://5@127.0.0.1:1238': 0, 'enode://6@127.0.0.1:1239': -5, 'enode://7@127.0.0.1:1240': -7, 'enode://8@127.0.0.1:1241': 0, 'enode://9@127.0.0.1:1242': 0, 'enode://10@127.0.0.1:1243': 0, 'enode://11@127.0.0.1:1244': -1, 'enode://12@127.0.0.1:1245': 1, 'enode://13@127.0.0.1:1246': -3, 'enode://14@127.0.0.1:1247': -4, 'enode://15@127.0.0.1:1248': -2}
7 1787185849.027 3990 None {'15': 306, '0': 0, '3': 250, '9': 331, '8': 277, '12': 362, '2': 106, '1': 357, '10': 547, '6': 301, '5': 172, '11': 193, '14': 150, '4': 115, '13': 173, '7': 224} {'enode://1@127.0.0.1:1234': -5, 'enode://2@127.0.0.1:1235': 0, 'enode://3@127.0.0.1:1236': 0, 'enode://4@127.0.0.1:1237': 0, 'enode://5@127.0.0.1:1238': 0, 'enode://6@127.0.0.1:1239': -4, 'enode://7@127.0.0.1:1240': -6, 'enode://8@127.0.0.1:1241': 0, 'enode://9@127.0.0.1:1242': 0, 'enode://10@127.0.0.1:1243': 0, 'enode://11@127.0.0.1:1244': 0, 'enode://12@127.0.0.1:1245': -7, 'enode://13@127.0.0.1:1246': -2, 'enode://14@127.0.0.1:1247': -3, 'enode://15@127.0.0.1:1248': -1}
7 1787185849.027 4090 None {'15': 306, '0': 0, '3': 250, '9': 331, '8': 277, '12': 366, '2': 106, '1': 357, '10': 547, '6': 301, '5': 172, '11': 193, '14': 150, '4': 115, '13': 173, '7': 224} {'enode://1@127.0.0.1:1234': -4, 'enode://2@127.0.0.1:1235': 2, 'enode://3@127.0.0.1:1236': 0, 'enode://4@127.0.0.1:1237': 2, 'enode://5@127.0.0.1:1238': 3, 'enode://6@127.0.0.1:1239': -3, 'enode://7@127.0.0.1:1240': -5, 'enode://8@127.0.0.1:1241': 3, 'enode://9@127.0.0.1:1242': 1, 'enode://10@127.0.0.1:1243': -7, 'enode://11@127.0.0.1:1244': 0, 'enode://12@127.0.0.1:1245': -6, 'enode://13@127.0.0.1:1246': -1, 'enode://14@127.0.0.1:1247': -2, 'enode://15@127.0.0.1:1248': 0}
7 1787185849.027 4105 None {'15': 306, '0': 0, '3': 250, '9': 331, '8': 277, '12': 366, '2': 106, '1': 357, '10': 646, '6': 301, '5': 172, '11': 193, '14': 150, '4': 115, '13': 173, '7': 224} {'enode://1@127.0.0.1:1234': -3, 'enode://2@127.0.0.1:1235': 2, 'enode://3@127.0.0.1:1236': 2, 'enode://4@127.0.0.1:1237': 3, 'enode://5@127.0.0.1:1238': 3, 'enode://6@127.0.0.1:1239': -2, 'enode://7@127.0.0.1:1240': -4, 'enode://8@127.0.0.1:1241': -7, 'enode://9@127.0.0.1:1242': 1, 'enode://10@127.0.0.1:1243': -6, 'enode://11@127.0.0.1:1244': 0, 'enode://12@127.0.0.1:1245': -5, 'enode://13@127.0.0.1:1246': 0, 'enode://14@127.0.0.1:1247': -1, 'enode://15@127.0.0.1:1248': 0}
7 1787185849.027 4122 None {'15': 306, '0': 0, '3': 250, '9': 331, '8': 291, '12': 366, '2': 106, '1': 357, '10': 646, '6': 301, '5': 172, '11': 193, '14': 150, '4': 115, '13': 173, '7': 224} {'enode://1@127.0.0.1:1234': -2, 'enode://2@127.0.0.1:1235': 0, 'enode://3@127.0.0.1:1236': 4, 'enode://4@127.0.0.1:1237': -7, 'enode://5@127.0.0.1:1238': 4, 'enode://6@127.0.0.1:1239': -1, 'enode://7@127.0.0.1:1240': -3, 'enode://8@127.0.0.1:1241': -6, 'enode://9@127.0.0.1:1242': 3, 'enode://10@127.0.0.1:1243': -5, 'enode://11@127.0.0.1:1244': 0, 'enode://12@127.0.0.1:1245': -4, 'enode://13@127.0.0.1:1246': 0, 'enode://14@127.0.0.1:1247': 0, 'enode://15@127.0.0.1:1248': 0}
7 1787185849.028 4158 None {'15': 306, '0': 0, '3': 250, '9': 331, '8': 291, '12': 366, '2': 106, '1': 357, '10': 646, '6': 301, '5': 172, '11': 193, '14': 150, '4': 131, '13': 173, '7': 224} {'enode://1@127.0.0.1:1234': -1, 'enode://2@127.0.0.1:1235': 2, 'enode://3@127.0.0.1:1236': -7, 'enode://4@127.0.0.1:1237': -6, 'enode://5@127.0.0.1:1238': 7, 'enode://6@127.0.0.1:1239': 0, 'enode://7@127.0.0.1:1240': -2, 'enode://8@127.0.0.1:1241': -5, 'enode://9@127.0.0.1:1242': 4, 'enode://10@127.0.0.1:1243': -4, 'enode://11@127.0.0.1:1244': 3, 'enode://12@127.0.0.1:1245': -3, 'enode://13@127.0.0.1:1246': 1, 'enode://14@127.0.0.1:1247': 0, 'enode://15@127.0.0.1:1248': 5}
7 1787185849.028 4159 None {'15': 306, '0': 0, '3': 285, '9': 331, '8': 291, '12': 366, '2': 106, '1': 357, '10': 646, '6': 301, '5': 172, '11': 193, '14': 150, '4': 131, '13': 173, '7': 224} {'enode://1@127.0.0.1:1234': 0, 'enode://2@127.0.0.1:1235': 1, 'enode://3@127.0.0.1:1236': -6, 'enode://4@127.0.0.1:1237': -5, 'enode://5@127.0.0.1:1238': -7, 'enode://6@127.0.0.1:1239': 0, 'enode://7@127.0.0.1:1240': -1, 'enode://8@127.0.0.1:1241': -4, 'enode://9@127.0.0.1:1242': 4, 'enode://10@127.0.0.1:1243': -3, 'enode://11@127.0.0.1:1244': 3, 'enode://12@127.0.0.1:1245': -2, 'enode://13@127.0.0.1:1246': 0, 'enode://14@127.0.0.1:1247': 0, 'enode://15@127.0.0.1:1248': 3}
7 1787185849.028 4163 None {'15': 306, '0': 0, '3': 285, '9': 331, '8': 291, '12': 366, '2': 106, '1': 357, '10': 646, '6': 301, '5': 172, '11': 193, '14': 150, '4': 131, '13': 173, '7': 224} {'enode://1@127.0.0.1:1234': 0, 'enode://2@127.0.0.1:1235': 1, 'enode://3@127.0.0.1:1236': -5, 'enode://4@127.0.0.1:1237': -4, 'enode://5@127.0.0.1:1238': -6, 'enode://6@127.0.0.1:1239': 0, 'enode://7@127.0.0.1:1240': 0, 'enode://8@127.0.0.1:1241': -3, 'enode://9@127.0.0.1:1242': -7, 'enode://10@127.0.0.1:1243': -2, 'enode://11@127.0.0.1:1244': 3, 'enode://12@127.0.0.1:1245': -1, 'enode://13@127.0.0.1:1246': 0, 'enode://14@127.0.0.1:1247': 0, 'enode://15@127.0.0.1:1248': 3}
7 1787185849.028 4172 None {'15': 306, '0': 0, '3': 285, '9': 334, '8': 291, '12': 366, '2': 106, '1': 357, '10': 646, '6': 301, '5': 172, '11': 193, '14': 150, '4': 131, '13': 173, '7': 224} {'enode://1@127.0.0.1:1234': 0, 'enode://2@127.0.0.1:1235': 0, 'enode://3@127.0.0.1:1236': -4, 'enode://4@127.0.0.1:1237': -3, 'enode://5@127.0.0.1:1238': -5, 'enode://6@127.0.0.1:1239': 0, 'enode://7@127.0.0.1:1240': 0, 'enode://8@127.0.0.1:1241': -2, 'enode://9@127.0.0.1:1242': -6, 'enode://10@127.0.0.1:1243': -1, 'enode://11@127.0.0.1:1244': -7, 'enode://12@127.0.0.1:1245': 0, 'enode://13@127.0.0.1:1246': 0, 'enode://14@127.0.0.1:1247': 0, 'enode://15@127.0.0.1:1248': 3}
7 1787185849.028 4233 None {'15': 306, '0': 0, '3': 285, '9': 334, '8': 291, '12': 366, '2': 106, '1': 357, '10': 646, '6': 301, '5': 172, '11': 201, '14': 150, '4': 131, '13': 173, '7': 224} {'enode://1@127.0.0.1:1234': 3, 'enode://2@127.0.0.1:1235': 0, 'enode://3@127.0.0.1:1236': -3, 'enode://4@127.0.0.1:1237': -2, 'enode://5@127.0.0.1:1238': -4, 'enode://6@127.0.0.1:1239': 0, 'enode://7@127.0.0.1:1240': -7, 'enode://8@127.0.0.1:1241': -1, 'enode://9@127.0.0.1:1242': -5, 'enode://10@127.0.0.1:1243': 0, 'enode://11@127.0.0.1:1244': -6, 'enode://12@127.0.0.1:1245': 0, 'enode://13@127.0.0.1:1246': 0, 'enode://14@127.0.0.1:1247': 1, 'enode://15@127.0.0.1:1248': 0}
