ID TIME HEIGHT MINER BLOCK TIMESTAMP TELAPSED RECEPTION SIZE_KB TXS DIFF TDIFF HASH PHASH
7 1787157889.323 0 ['enode://1@127.0.0.1:1234', 'enode://2@127.0.0.1:1235', 'enode://3@127.0.0.1:1236', 'enode://4@127.0.0.1:1237', 'enode://5@127.0.0.1:1238', 'enode://6@127.0.0.1:1239', 'enode://7@127.0.0.1:1240', 'enode://8@127.0.0.1:1241', 'enode://9@127.0.0.1:1242', 'enode://10@127.0.0.1:1243', 'enode://11@127.0.0.1:1244', 'enode://12@127.0.0.1:1245', 'enode://13@127.0.0.1:1246', 'enode://14@127.0.0.1:1247', 'enode://15@127.0.0.1:1248', 'enode://16@127.0.0.1:1249', 'enode://17@127.0.0.1:1250', 'enode://18@127.0.0.1:1251', 'enode://19@127.0.0.1:1252', 'enode://20@127.0.0.1:1253', 'enode://21@127.0.0.1:1254', 'enode://22@127.0.0.1:1255', 'enode://23@127.0.0.1:1256', 'enode://24@127.0.0.1:1257', 'enode://25@127.0.0.1:1258'] 0 0 0 0 0.046875 0 0 0 2ec9234e793ffa1c5eb24f0439f69ac8446fd1535ee0cbe4dfa1f745f203e80f 0
7 1787157889.323 1 enode://1@127.0.0.1:1234 1 10 33 43 0.046875 0 2 2 80e32400b2dbfada6be82d117848d1de344740057424f18f970b137ee67ea10d 2ec9234e793ffa1c5eb24f0439f69ac8446fd1535ee0cbe4dfa1f745f203e80f
7 1787157889.323 2 enode://5@127.0.0.1:1238 2 95 32 127 0.046875 0 1 3 2371d8019d155eca09ca9f6dfd21d9ac99dfe60cfdc28dd2672cc058f063b2dd 80e32400b2dbfada6be82d117848d1de344740057424f18f970b137ee67ea10d
7 1787157889.323 3 enode://7@127.0.0.1:1240 3 205 0 205 0.046875 0 1 4 07ea52efe3aa269fedbd4972f1eacc2c6537d9810f378e414cc972f2ccb5ba70 2371d8019d155eca09ca9f6dfd21d9ac99dfe60cfdc28dd2672cc058f063b2dd
7 1787157889.323 4 enode://8@127.0.0.1:1241 4 315 1 316 0.046875 0 1 5 b60729720f05c67e7b27ab778a20fc6687564fa9ae8ffcb4ef1f41940396909e 07ea52efe3aa269fedbd4972f1eacc2c6537d9810f378e414cc972f2ccb5ba70
7 1787157889.323 5 enode://9@127.0.0.1:1242 5 425 164 589 0.046875 0 1 6 1796bb1f5b2322e78f5d3c864e05d374ba3cb3f2bd00ba8557cd9f4380d97a96 b60729720f05c67e7b27ab778a20fc6687564fa9ae8ffcb4ef1f41940396909e
7 1787157889.323 6 enode://11@127.0.0.1:1244 6 560 29 589 0.046875 0 1 7 9563d2a7f6aede4217e41ac31983a3a55d2e2ded5eb4f90e3c5de8017f4cb082 1796bb1f5b2322e78f5d3c864e05d374ba3cb3f2bd00ba8557cd9f4380d97a96
7 1787157889.323 7 enode://10@127.0.0.1:1243 7 645 70 715 0.046875 0 1 8 97dc55d5cd981b9596b6a54be29f687aca9fe2b49883c52ab9d31b686b81b875 9563d2a7f6aede4217e41ac31983a3a55d2e2ded5eb4f90e3c5de8017f4cb082
7 1787157889.323 8 enode://12@127.0.0.1:1245 8 755 422 1177 0.046875 0 1 9 4601e6316f092c167cdeeb079fb28b0fd937c97e537e3e30e0708d83798e2293 97dc55d5cd981b9596b6a54be29f687aca9fe2b49883c52ab9d31b686b81b875
7 1787157889.324 9 enode://14@127.0.0.1:1247 9 890 287 1177 0.046875 0 1 10 e32b92d6002cd2094ffff906f094dc94543975f660678bbb7ac6f310869ab9b6 4601e6316f092c167cdeeb079fb28b0fd937c97e537e3e30e0708d83798e2293
7 1787157889.324 10 enode://13@127.0.0.1:1246 10 1009 168 1177 0.046875 0 1 11 ae5fcc9e6b1959840ed2f5687876f88413c1abf6bc35daa2581b0e29c134f80b e32b92d6002cd2094ffff906f094dc94543975f660678bbb7ac6f310869ab9b6
7 1787157889.324 11 enode://17@127.0.0.1:1250 11 1169 92 1261 0.046875 0 1 12 cabeed9204689864a5836b97d0b946b31b75d2d9305eed1a9c23fb4b0e8e1aeb ae5fcc9e6b1959840ed2f5687876f88413c1abf6bc35daa2581b0e29c134f80b
7 1787157889.324 12 enode://15@127.0.0.1:1248 12 1303 357 1660 0.046875 0 1 13 a48418d7f1fe526b0a41bf8591ac754d80e47f681c7e6cea7e61837edf9604f2 cabeed9204689864a5836b97d0b946b31b75d2d9305eed1a9c23fb4b0e8e1aeb
7 1787157889.324 13 enode://16@127.0.0.1:1249 13 1471 189 1660 0.046875 0 1 14 1628c2180af9b700a88ab9bf3b72a8d9adf615ee850bb1d5e6c2f15e6ea6dd78 a48418d7f1fe526b0a41bf8591ac754d80e47f681c7e6cea7e61837edf9604f2
7 1787157889.324 14 enode://19@127.0.0.1:1252 14 1606 54 1660 0.046875 0 1 15 9e5a1e15a492e3771244da63214d78d14aa9e399ccbcb1f7df389726996be677 1628c2180af9b700a88ab9bf3b72a8d9adf615ee850bb1d5e6c2f15e6ea6dd78
7 1787157889.324 15 enode://20@127.0.0.1:1253 15 1786 273 2059 0.046875 0 1 16 ae1f1da6dc9d119d259249871aa449dadb313533e55dac8a0b79b375f4055138 9e5a1e15a492e3771244da63214d78d14aa9e399ccbcb1f7df389726996be677
7 1787157889.324 16 enode://18@127.0.0.1:1251 16 1849 210 2059 0.046875 0 1 17 6de382b98e8e2e49f3b109ea32eaeb90c4bc105d6ff1c30d27b0e0d7e936f153 ae1f1da6dc9d119d259249871aa449dadb313533e55dac8a0b79b375f4055138
7 1787157889.324 17 enode://21@127.0.0.1:1254 17 1959 205 2164 0.046875 0 1 18 8642e349662545c960398975ac2b7158e05368aef76b7b46972bc10ae5aa7d02 6de382b98e8e2e49f3b109ea32eaeb90c4bc105d6ff1c30d27b0e0d7e936f153
7 1787157889.324 18 enode://23@127.0.0.1:1256 18 2094 70 2164 0.046875 0 1 19 87984a25e01e80d4f46e3b7800b6806389e473a822eef1bf9bc8dc50d2eee60b 8642e349662545c960398975ac2b7158e05368aef76b7b46972bc10ae5aa7d02
7 1787157889.324 19 enode://22@127.0.0.1:1255 19 2179 552 2731 0.046875 0 1 20 460a4f2e017f50c563b26f69114c56d73dd4dbee210b4a1232e478be3a88e3ec 87984a25e01e80d4f46e3b7800b6806389e473a822eef1bf9bc8dc50d2eee60b
7 1787157889.324 20 enode://25@127.0.0.1:1258 20 2314 417 2731 0.046875 0 1 21 6b40276cade76e59de157a15dc3477a2ac9e04ca482ecb7b18a7ffd6fcb52c74 460a4f2e017f50c563b26f69114c56d73dd4dbee210b4a1232e478be3a88e3ec
7 1787157889.324 21 enode://3@127.0.0.1:1236 21 2499 232 2731 0.046875 0 1 22 89dd78c1e503f8542b87586937bd0d0c2ee909ca108b2752d6513982fd8a71af 6b40276cade76e59de157a15dc3477a2ac9e04ca482ecb7b18a7ffd6fcb52c74
7 1787157889.324 22 enode://4@127.0.0.1:1237 22 2684 47 2731 0.046875 0 1 23 48efa55f72824349a9aeefa4f87192b9380ab809c11ee9c6272812037bc00ccc 89dd78c1e503f8542b87586937bd0d0c2ee909ca108b2752d6513982fd8a71af
7 1787157889.324 23 enode://2@127.0.0.1:1235 23 2794 210 3004 0.046875 0 1 24 e72292275412a21dd901f04d75a4a6d6d3d65aec3c776ec8b8ad3cb7cf295aa5 48efa55f72824349a9aeefa4f87192b9380ab809c11ee9c6272812037bc00ccc
7 1787157889.324 24 enode://8@127.0.0.1:1241 24 3029 101 3130 0.046875 0 1 25 68e8797f0c72687b325939cac6708bc0a91595fa639acefd76985b7007018cfa e72292275412a21dd901f04d75a4a6d6d3d65aec3c776ec8b8ad3cb7cf295aa5
7 1787157889.324 25 enode://1@127.0.0.1:1234 25 3064 66 3130 0.046875 0 1 26 2bd9328648be8e06dc4ad7f0fc415f883df9ea083b9763bc5e7f1f61f7f09f47 68e8797f0c72687b325939cac6708bc0a91595fa639acefd76985b7007018cfa
7 1787157889.325 26 enode://5@127.0.0.1:1238 26 3174 208 3382 0.046875 0 1 27 5f80493e956582a756ae6a176c1dc0405ca65689394520edda8753c93373644f 2bd9328648be8e06dc4ad7f0fc415f883df9ea083b9763bc5e7f1f61f7f09f47
7 1787157889.325 27 enode://9@127.0.0.1:1242 27 3359 23 3382 0.046875 0 1 28 3e0f711b20e85b65e489df802ba0b4f9ef3e5cc2493293ae11d9b9c8f8ace8b4 5f80493e956582a756ae6a176c1dc0405ca65689394520edda8753c93373644f
7 1787157889.325 28 enode://7@127.0.0.1:1240 28 3469 0 3469 0.046875 0 1 29 f7172040eb64a0e077a7c44aa6bced054a4cfdd3bd2e2df8906b1084c3a551f5 3e0f711b20e85b65e489df802ba0b4f9ef3e5cc2493293ae11d9b9c8f8ace8b4
7 1787157889.325 29 enode://13@127.0.0.1:1246 29 3704 14 3718 0.046875 0 1 30 69db21b9cc5f29fb883da86ecf3d5ae07d3d8a37ef75bbeaccb25ee11b62b476 f7172040eb64a0e077a7c44aa6bced054a4cfdd3bd2e2df8906b1084c3a551f5
